Time (ms)	Ch1 V	Ch2 V	Ch1 A	Ch2 A	RPM	Torque
0.000	16.171	0.006	0.123	0.074	13.403	-0.132
0.002	0.858	-0.006	0.131	0.074	-1.218	-0.128
0.003	0.079	-0.006	0.123	0.082	1.218	-0.134
0.005	0.012	-0.006	0.131	0.074	0.000	-0.133
0.006	0.000	0.000	0.139	0.082	0.000	-0.133
0.008	-0.006	-0.006	0.131	0.082	4.874	-0.131
0.009	-0.006	-0.006	0.123	0.074	2.437	-0.132
0.011	0.000	0.000	0.131	0.074	2.437	-0.132
0.012	-0.012	-0.006	0.131	0.082	3.655	-0.131
0.014	-0.012	0.000	0.131	0.074	3.655	-0.133
0.015	-0.012	-0.012	0.139	0.074	2.437	-0.132
0.017	-0.018	-0.006	0.131	0.090	3.655	-0.134
0.019	-0.012	-0.006	0.115	0.074	3.655	-0.132
0.020	-0.018	-0.006	0.115	0.082	3.655	-0.132
0.022	-0.024	0.000	0.123	0.090	3.655	-0.132
0.023	-0.006	-0.006	0.123	0.082	4.874	-0.133
0.025	-0.006	-0.006	0.131	0.066	2.437	-0.132
0.026	-0.018	0.000	0.115	0.074	2.437	-0.133
0.028	-0.024	-0.012	0.106	0.074	4.874	-0.132
0.029	-0.018	-0.006	0.106	0.074	2.437	-0.132
0.031	-0.012	-0.006	0.131	0.066	3.655	-0.132
0.033	-0.012	0.000	0.131	0.082	3.655	-0.132
0.034	-0.018	0.000	0.123	0.082	2.437	-0.131
0.036	-0.012	-0.006	0.106	0.066	3.655	-0.133
0.037	-0.012	-0.006	0.123	0.074	1.218	-0.133
0.039	-0.018	-0.006	0.123	0.082	3.655	-0.132
0.040	-0.018	-0.006	0.123	0.074	6.092	-0.133
0.042	-0.018	-0.006	0.123	0.082	3.655	-0.132
0.043	-0.006	0.000	0.139	0.066	2.437	-0.131
0.045	-0.006	0.006	0.106	0.066	3.655	-0.131
0.046	-0.012	-0.006	0.115	0.074	2.437	-0.131
0.048	-0.012	0.000	0.123	0.074	3.655	-0.131
0.050	-0.012	-0.006	0.131	0.082	3.655	-0.132
0.051	-0.018	-0.006	0.131	0.074	2.437	-0.133
0.053	-0.012	-0.006	0.131	0.074	4.874	-0.132
0.054	0.000	-0.006	0.115	0.082	2.437	-0.133
0.056	-0.012	0.000	0.123	0.074	3.655	-0.133
0.057	-0.018	-0.006	0.131	0.082	2.437	-0.132
0.059	-0.018	-0.006	0.106	0.082	4.874	-0.132
0.060	-0.012	-0.006	0.123	0.082	3.655	-0.131
0.062	-0.012	-0.012	0.123	0.082	2.437	-0.133
0.064	-0.018	0.000	0.131	0.074	3.655	-0.132
0.065	-0.006	0.000	0.123	0.074	3.655	-0.133
0.067	-0.018	0.000	0.115	0.074	3.655	-0.132
0.068	-0.018	-0.006	0.123	0.074	3.655	-0.132
0.070	-0.012	-0.006	0.131	0.074	2.437	-0.132
0.071	-0.018	-0.006	0.131	0.074	3.655	-0.133
0.073	-0.006	0.000	0.123	0.074	4.874	-0.132
0.074	-0.018	0.000	0.131	0.082	3.655	-0.133
0.076	-0.012	0.000	0.131	0.082	3.655	-0.133
0.077	-0.018	-0.006	0.115	0.074	3.655	-0.133
0.079	-0.018	-0.006	0.123	0.074	3.655	-0.132
0.081	-0.018	0.006	0.123	0.082	3.655	-0.132
0.082	-0.018	0.000	0.115	0.090	3.655	-0.134
0.084	-0.012	-0.006	0.123	0.074	4.874	-0.131
0.085	-0.012	0.000	0.115	0.074	3.655	-0.132
0.087	-0.018	-0.006	0.131	0.082	1.218	-0.132
0.088	-0.012	-0.012	0.115	0.082	4.874	-0.132
0.090	-0.018	-0.012	0.123	0.082	2.437	-0.131
0.091	-0.018	-0.006	0.115	0.082	3.655	-0.132
0.093	-0.018	-0.006	0.131	0.082	2.437	-0.133
0.095	-0.024	0.006	0.123	0.090	3.655	-0.132
0.096	-0.018	-0.006	0.106	0.074	3.655	-0.129
0.098	-0.018	0.000	0.098	0.090	2.437	-0.131
0.099	-0.018	0.000	0.106	0.074	4.874	-0.133
0.101	-4.444	-0.006	0.139	0.066	-23.151	-0.142
0.102	-0.377	-0.012	0.131	0.066	7.311	-0.137
0.104	-0.097	-0.012	0.115	0.074	3.655	-0.129
0.105	-0.043	-0.012	0.131	0.082	4.874	-0.128
0.107	-0.024	-0.006	0.115	0.082	4.874	-0.132
0.108	-0.012	-0.006	0.098	0.074	3.655	-0.133
0.110	-0.012	0.000	0.115	0.082	2.437	-0.134
0.112	-0.012	-0.006	0.115	0.074	2.437	-0.133
0.113	-0.006	-0.006	0.115	0.082	3.655	-0.132
0.115	-0.006	0.006	0.098	0.082	4.874	-0.132
0.116	0.000	0.000	0.090	0.082	1.218	-0.133
0.118	-0.006	-0.006	0.115	0.082	2.437	-0.133
0.119	-0.006	-0.006	0.115	0.090	3.655	-0.131
0.121	0.006	-0.006	0.115	0.082	2.437	-0.132
0.122	-0.012	-0.006	0.115	0.082	2.437	-0.132
0.124	-0.006	0.000	0.115	0.066	3.655	-0.132
0.126	-0.006	0.000	0.123	0.074	3.655	-0.132
0.127	-0.006	0.006	0.115	0.074	4.874	-0.133
0.129	-0.006	0.000	0.115	0.074	3.655	-0.132
0.130	-0.012	-0.006	0.131	0.074	3.655	-0.133
0.132	0.000	0.000	0.123	0.082	1.218	-0.133
0.133	-0.006	0.000	0.123	0.098	4.874	-0.133
0.135	0.000	-0.012	0.123	0.082	2.437	-0.133
0.136	0.000	-0.006	0.123	0.074	3.655	-0.133
0.138	-0.012	0.006	0.115	0.074	4.874	-0.133
0.139	-0.006	0.000	0.115	0.074	3.655	-0.132
0.141	-0.006	0.000	0.123	0.074	4.874	-0.133
0.143	-0.006	0.000	0.123	0.082	4.874	-0.132
0.144	-0.006	-0.006	0.123	0.082	2.437	-0.133
0.146	-0.006	0.000	0.123	0.074	2.437	-0.132
0.147	-0.006	0.000	0.106	0.090	2.437	-0.133
0.149	0.000	-0.006	0.123	0.074	3.655	-0.132
0.150	-0.006	0.000	0.098	0.066	2.437	-0.133
0.152	0.006	0.000	0.123	0.082	3.655	-0.133
0.153	0.006	-0.006	0.131	0.066	3.655	-0.132
0.155	0.000	0.000	0.131	0.074	2.437	-0.133
0.157	-0.006	0.000	0.115	0.074	3.655	-0.133
0.158	-0.012	0.000	0.123	0.082	4.874	-0.133
0.160	-0.006	0.000	0.115	0.074	4.874	-0.132
0.161	-0.006	-0.006	0.123	0.074	2.437	-0.134
0.163	0.000	0.000	0.106	0.066	3.655	-0.132
0.164	0.000	-0.012	0.123	0.066	3.655	-0.132
0.166	-0.012	0.000	0.123	0.074	3.655	-0.133
0.167	-0.006	0.000	0.131	0.082	2.437	-0.132
0.169	0.006	-0.006	0.123	0.082	3.655	-0.133
0.170	-0.006	0.006	0.115	0.090	1.218	-0.132
0.172	0.000	-0.006	0.123	0.082	4.874	-0.134
0.174	0.006	-0.006	0.123	0.082	4.874	-0.132
0.175	-0.006	0.000	0.115	0.066	2.437	-0.133
0.177	-0.012	0.000	0.123	0.074	4.874	-0.133
0.178	-0.006	0.000	0.106	0.090	2.437	-0.133
0.180	-0.006	0.006	0.106	0.074	4.874	-0.134
0.181	0.000	0.000	0.123	0.074	1.218	-0.133
0.183	0.000	-0.012	0.123	0.066	3.655	-0.132
0.184	0.000	-0.012	0.123	0.074	3.655	-0.134
0.186	0.000	-0.006	0.115	0.074	2.437	-0.134
0.188	-0.006	0.006	0.123	0.082	4.874	-0.132
0.189	-0.006	0.000	0.131	0.082	2.437	-0.134
0.191	-0.006	-0.006	0.123	0.082	3.655	-0.133
0.192	0.000	-0.012	0.115	0.074	2.437	-0.133
0.194	-0.006	0.000	0.098	0.074	6.092	-0.133
0.195	-0.012	-0.006	0.115	0.090	2.437	-0.134
0.197	-0.006	-0.006	0.098	0.074	3.655	-0.133
0.198	-0.006	0.000	0.106	0.074	3.655	-0.133
0.200	-0.116	-0.006	0.098	0.074	3.655	-0.133
0.201	12.840	0.018	0.098	0.082	8.529	-0.138
0.203	0.688	0.006	0.106	0.090	1.218	-0.131
0.205	0.067	-0.012	0.131	0.074	1.218	-0.133
0.206	0.018	-0.006	0.131	0.074	3.655	-0.134
0.208	-0.006	0.000	0.115	0.082	3.655	-0.131
0.209	-0.012	0.000	0.115	0.082	2.437	-0.133
0.211	-0.006	0.000	0.115	0.074	2.437	-0.132
0.212	-0.006	0.000	0.115	0.082	3.655	-0.132
0.214	-0.012	-0.006	0.131	0.074	2.437	-0.133
0.215	-0.018	0.000	0.123	0.090	3.655	-0.132
0.217	-0.018	-0.006	0.131	0.082	3.655	-0.133
0.219	-0.024	0.000	0.139	0.066	3.655	-0.132
0.220	-0.012	0.000	0.115	0.082	4.874	-0.132
0.222	-0.012	-0.018	0.115	0.074	4.874	-0.132
0.223	-0.012	0.000	0.115	0.074	3.655	-0.133
0.225	-0.018	-0.006	0.123	0.082	3.655	-0.133
0.226	-0.006	0.000	0.115	0.074	3.655	-0.132
0.228	-0.006	0.000	0.106	0.074	3.655	-0.133
0.229	-0.012	0.000	0.115	0.082	3.655	-0.132
0.231	-0.012	-0.006	0.115	0.090	2.437	-0.133
0.232	-0.018	-0.006	0.115	0.074	4.874	-0.132
0.234	-0.012	-0.006	0.115	0.066	4.874	-0.131
0.236	-0.018	-0.006	0.123	0.082	2.437	-0.131
0.237	-0.018	-0.006	0.123	0.066	2.437	-0.132
0.239	-0.018	-0.006	0.115	0.074	3.655	-0.132
0.240	-0.006	0.000	0.106	0.082	3.655	-0.129
0.242	-0.024	-0.006	0.123	0.057	2.437	-0.132
0.243	-0.012	-0.006	0.115	0.074	1.218	-0.131
0.245	-0.012	-0.012	0.115	0.082	3.655	-0.132
0.246	-0.012	0.000	0.131	0.074	3.655	-0.131
0.248	-0.012	-0.012	0.115	0.082	3.655	-0.131
0.250	-0.006	0.000	0.123	0.074	3.655	-0.131
0.251	-0.024	0.000	0.123	0.074	2.437	-0.133
0.253	-0.006	-0.006	0.115	0.082	2.437	-0.131
0.254	-0.012	-0.012	0.123	0.082	2.437	-0.131
0.256	-0.012	-0.006	0.123	0.082	4.874	-0.129
0.257	-0.018	0.000	0.123	0.074	3.655	-0.131
0.259	-0.018	-0.006	0.123	0.082	2.437	-0.131
0.260	-0.012	0.000	0.115	0.082	3.655	-0.131
0.262	-0.012	-0.006	0.106	0.082	2.437	-0.131
0.263	-0.012	0.000	0.115	0.074	4.874	-0.132
0.265	-0.012	0.006	0.131	0.074	3.655	-0.129
0.267	-0.018	0.000	0.131	0.074	3.655	-0.131
0.268	-0.012	0.000	0.115	0.082	2.437	-0.131
0.270	-0.012	0.000	0.115	0.074	2.437	-0.131
0.271	-0.006	-0.006	0.115	0.082	3.655	-0.131
0.273	-0.006	0.006	0.123	0.074	2.437	-0.131
0.274	-0.012	0.000	0.123	0.082	3.655	-0.131
0.276	-0.018	-0.012	0.115	0.082	2.437	-0.131
0.277	-0.006	-0.012	0.106	0.074	3.655	-0.131
0.279	-0.018	-0.006	0.098	0.074	6.092	-0.132
0.281	-0.018	-0.012	0.098	0.074	1.218	-0.132
0.282	-0.012	-0.006	0.123	0.074	4.874	-0.132
0.284	-0.018	0.000	0.123	0.074	1.218	-0.131
0.285	-0.012	-0.006	0.098	0.090	3.655	-0.131
0.287	-0.018	-0.006	0.115	0.074	3.655	-0.131
0.288	-0.024	-0.006	0.106	0.074	3.655	-0.132
0.290	-0.018	-0.012	0.106	0.066	3.655	-0.129
0.291	-0.006	-0.006	0.131	0.082	4.874	-0.131
0.293	-0.012	-0.006	0.106	0.074	4.874	-0.132
0.294	-0.012	-0.006	0.106	0.074	3.655	-0.129
0.296	-0.012	-0.006	0.106	0.082	3.655	-0.132
0.298	-0.018	-0.006	0.106	0.074	3.655	-0.131
0.299	-0.006	0.000	0.115	0.074	2.437	-0.131
0.301	-0.012	0.000	0.098	0.082	3.655	-0.129
0.302	-3.556	-0.030	0.139	0.074	-17.059	-0.126
0.304	-0.329	-0.018	0.115	0.082	4.874	-0.133
0.305	-0.091	-0.012	0.123	0.074	4.874	-0.127
0.307	-0.043	0.000	0.115	0.074	8.529	-0.131
0.308	-0.018	0.000	0.115	0.074	6.092	-0.131
0.310	-0.012	0.000	0.106	0.074	3.655	-0.132
0.312	-0.018	0.000	0.123	0.082	3.655	-0.132
0.313	-0.012	0.000	0.131	0.074	2.437	-0.131
0.315	-0.006	0.000	0.106	0.074	3.655	-0.132
0.316	-0.006	0.000	0.098	0.082	2.437	-0.131
0.318	0.000	-0.006	0.115	0.074	2.437	-0.133
0.319	-0.006	-0.006	0.123	0.074	3.655	-0.132
0.321	-0.018	-0.006	0.106	0.066	2.437	-0.131
0.322	0.000	0.000	0.123	0.074	2.437	-0.132
0.324	-0.006	0.000	0.106	0.082	4.874	-0.133
0.325	-0.006	-0.006	0.115	0.074	4.874	-0.133
0.327	-0.006	0.000	0.139	0.066	3.655	-0.133
0.329	0.000	0.000	0.123	0.090	2.437	-0.133
0.330	-0.006	0.000	0.106	0.074	1.218	-0.133
0.332	-0.006	0.000	0.115	0.074	2.437	-0.131
0.333	0.000	0.000	0.115	0.074	3.655	-0.132
0.335	-0.006	-0.006	0.115	0.074	3.655	-0.133
0.336	0.000	-0.006	0.115	0.066	2.437	-0.132
0.338	0.000	0.000	0.106	0.074	1.218	-0.132
0.339	-0.006	0.000	0.123	0.066	2.437	-0.132
0.341	-0.012	-0.006	0.139	0.082	3.655	-0.133
0.343	-0.006	-0.012	0.115	0.082	2.437	-0.131
0.344	-0.012	-0.012	0.123	0.074	2.437	-0.134
0.346	-0.006	0.000	0.123	0.082	1.218	-0.132
0.347	-0.006	-0.006	0.123	0.074	4.874	-0.133
0.349	0.000	0.000	0.106	0.074	6.092	-0.133
0.350	-0.006	0.000	0.115	0.074	2.437	-0.132
0.352	-0.006	0.000	0.115	0.074	2.437	-0.132
0.353	-0.012	-0.012	0.123	0.074	3.655	-0.133
0.355	0.000	-0.006	0.131	0.074	4.874	-0.133
0.356	0.000	0.000	0.123	0.074	4.874	-0.133
0.358	0.000	-0.006	0.106	0.082	2.437	-0.135
0.360	-0.006	-0.006	0.123	0.074	3.655	-0.132
0.361	0.000	0.000	0.115	0.082	2.437	-0.133
0.363	0.000	0.000	0.115	0.082	4.874	-0.133
0.364	-0.012	-0.006	0.123	0.074	3.655	-0.133
0.366	-0.006	0.000	0.123	0.074	2.437	-0.133
0.367	-0.006	0.000	0.123	0.074	3.655	-0.134
0.369	0.000	-0.012	0.123	0.082	3.655	-0.133
0.370	-0.006	0.000	0.106	0.074	2.437	-0.134
0.372	-0.006	-0.006	0.098	0.066	2.437	-0.134
0.374	-0.006	-0.006	0.098	0.066	3.655	-0.132
0.375	-0.006	-0.006	0.098	0.066	3.655	-0.133
0.377	0.006	-0.006	0.123	0.074	3.655	-0.133
0.378	-0.006	0.006	0.115	0.066	2.437	-0.133
0.380	-0.006	-0.006	0.106	0.074	4.874	-0.132
0.381	0.000	0.006	0.090	0.066	2.437	-0.134
0.383	0.000	0.000	0.115	0.074	4.874	-0.133
0.384	-0.006	0.000	0.106	0.066	2.437	-0.133
0.386	-0.012	-0.006	0.098	0.082	4.874	-0.133
0.387	0.000	-0.006	0.098	0.074	1.218	-0.134
0.389	0.000	0.000	0.106	0.066	3.655	-0.133
0.391	0.000	0.000	0.098	0.082	3.655	-0.134
0.392	-0.006	-0.006	0.098	0.082	1.218	-0.134
0.394	-0.006	-0.006	0.131	0.074	2.437	-0.133
0.395	0.000	-0.006	0.115	0.082	2.437	-0.133
0.397	-0.012	-0.006	0.115	0.074	2.437	-0.133
0.398	-0.006	-0.006	0.115	0.066	3.655	-0.133
0.400	-0.006	-0.012	0.106	0.082	4.874	-0.132
0.401	0.164	-0.012	0.106	0.074	4.874	-0.134
0.403	10.204	0.000	0.098	0.074	2.437	-0.142
0.405	0.560	-0.006	0.123	0.066	1.218	-0.133
0.406	0.061	-0.006	0.123	0.057	1.218	-0.134
0.408	0.012	-0.006	0.123	0.082	1.218	-0.135
0.409	-0.012	-0.006	0.131	0.074	1.218	-0.132
0.411	0.000	0.000	0.131	0.082	3.655	-0.132
0.412	-0.006	-0.006	0.123	0.074	3.655	-0.133
0.414	-0.012	-0.006	0.123	0.074	2.437	-0.133
0.415	-0.018	-0.006	0.115	0.082	2.437	-0.134
0.417	-0.012	0.000	0.131	0.074	2.437	-0.133
0.418	-0.012	0.000	0.123	0.082	3.655	-0.132
0.420	-0.012	0.006	0.123	0.074	4.874	-0.133
0.422	-0.006	-0.006	0.123	0.066	2.437	-0.132
0.423	-0.018	0.000	0.106	0.082	1.218	-0.132
0.425	-0.012	-0.006	0.106	0.074	2.437	-0.134
0.426	-0.012	-0.006	0.123	0.074	3.655	-0.132
0.428	-0.012	-0.006	0.131	0.074	3.655	-0.134
0.429	-0.012	-0.006	0.139	0.082	1.218	-0.132
0.431	-0.006	0.000	0.123	0.066	3.655	-0.133
0.432	-0.012	-0.006	0.115	0.082	3.655	-0.133
0.434	-0.018	0.000	0.131	0.082	2.437	-0.132
0.436	-0.006	0.000	0.115	0.066	3.655	-0.134
0.437	-0.012	0.000	0.115	0.074	3.655	-0.134
0.439	-0.018	0.000	0.115	0.082	3.655	-0.131
0.440	-0.012	-0.006	0.131	0.090	3.655	-0.132
0.442	-0.006	0.000	0.106	0.090	3.655	-0.134
0.443	-0.012	0.000	0.115	0.074	4.874	-0.132
0.445	-0.006	0.000	0.115	0.066	3.655	-0.132
0.446	-0.018	0.000	0.115	0.066	0.000	-0.133
0.448	-0.018	0.000	0.131	0.082	2.437	-0.133
0.449	-0.012	-0.006	0.115	0.074	2.437	-0.133
0.451	-0.012	0.000	0.123	0.074	2.437	-0.132
0.453	-0.012	0.000	0.115	0.074	2.437	-0.131
0.454	-0.018	0.000	0.106	0.082	2.437	-0.133
0.456	-0.012	0.000	0.115	0.090	1.218	-0.133
0.457	-0.018	0.000	0.115	0.074	2.437	-0.133
0.459	-0.012	0.000	0.098	0.090	3.655	-0.131
0.460	-0.012	-0.006	0.131	0.074	2.437	-0.133
0.462	-0.018	0.000	0.123	0.074	3.655	-0.134
0.463	-0.012	0.000	0.123	0.066	3.655	-0.132
0.465	-0.006	-0.006	0.123	0.082	3.655	-0.132
0.467	-0.012	-0.006	0.115	0.074	3.655	-0.131
0.468	-0.018	0.000	0.115	0.090	1.218	-0.133
0.470	-0.018	0.000	0.123	0.090	2.437	-0.133
0.471	-0.012	-0.006	0.115	0.090	2.437	-0.133
0.473	-0.018	0.000	0.106	0.082	4.874	-0.133
0.474	-0.012	-0.006	0.123	0.074	2.437	-0.133
0.476	-0.018	0.000	0.115	0.082	3.655	-0.133
0.477	-0.012	-0.006	0.106	0.082	4.874	-0.132
0.479	-0.012	-0.006	0.115	0.074	3.655	-0.133
0.480	-0.018	-0.006	0.115	0.074	2.437	-0.131
0.482	-0.018	-0.012	0.106	0.074	2.437	-0.133
0.484	-0.006	0.006	0.123	0.066	2.437	-0.131
0.485	-0.012	-0.006	0.115	0.066	2.437	-0.134
0.487	-0.012	-0.006	0.115	0.082	2.437	-0.132
0.488	-0.012	0.000	0.115	0.074	4.874	-0.133
0.490	-0.012	-0.006	0.115	0.074	2.437	-0.132
0.491	-0.012	-0.006	0.106	0.074	4.874	-0.133
0.493	-0.018	0.000	0.106	0.082	4.874	-0.131
0.494	-0.012	-0.006	0.115	0.074	3.655	-0.133
0.496	-0.024	-0.006	0.131	0.082	1.218	-0.132
0.498	-0.018	0.000	0.115	0.074	3.655	-0.132
0.499	-0.024	-0.006	0.106	0.082	2.437	-0.132
0.501	-0.018	-0.006	0.115	0.082	6.092	-0.132
0.502	-0.012	0.006	0.115	0.090	3.655	-0.132
0.504	-2.843	-0.043	0.139	0.082	-12.185	-0.123
0.505	-0.286	-0.018	0.115	0.082	3.655	-0.133
0.507	-0.085	0.000	0.115	0.066	6.092	-0.128
0.508	-0.037	0.000	0.106	0.082	6.092	-0.132
0.510	-0.030	-0.006	0.123	0.066	4.874	-0.133
0.511	-0.006	-0.006	0.115	0.082	2.437	-0.132
0.513	-0.012	-0.012	0.115	0.082	2.437	-0.132
0.515	-0.006	-0.006	0.106	0.074	2.437	-0.132
0.516	-0.012	0.000	0.106	0.066	3.655	-0.133
0.518	-0.006	0.000	0.106	0.090	3.655	-0.132
0.519	0.000	-0.006	0.115	0.082	2.437	-0.133
0.521	-0.018	-0.006	0.115	0.066	3.655	-0.132
0.522	-0.012	0.000	0.115	0.074	1.218	-0.133
0.524	0.000	-0.006	0.115	0.082	2.437	-0.131
0.525	0.000	-0.006	0.115	0.090	2.437	-0.133
0.527	-0.006	-0.006	0.115	0.082	1.218	-0.132
0.529	-0.006	0.000	0.106	0.074	3.655	-0.131
0.530	-0.006	0.000	0.123	0.082	2.437	-0.133
0.532	-0.012	0.000	0.123	0.082	2.437	-0.132
0.533	0.000	-0.006	0.115	0.082	2.437	-0.134
0.535	-0.006	-0.006	0.106	0.066	3.655	-0.133
0.536	-0.006	0.000	0.131	0.066	3.655	-0.133
0.538	-0.012	-0.006	0.131	0.082	3.655	-0.132
0.539	0.000	-0.006	0.115	0.082	3.655	-0.133
0.541	0.000	0.006	0.123	0.082	2.437	-0.134
0.542	-0.006	-0.006	0.123	0.074	4.874	-0.133
0.544	-0.012	0.000	0.115	0.074	3.655	-0.134
0.546	0.000	-0.012	0.098	0.074	2.437	-0.134
0.547	-0.006	0.000	0.131	0.082	3.655	-0.132
0.549	0.000	0.000	0.123	0.074	2.437	-0.133
0.550	-0.006	-0.006	0.098	0.074	1.218	-0.133
0.552	-0.006	-0.006	0.123	0.074	2.437	-0.133
0.553	-0.006	-0.006	0.115	0.082	3.655	-0.133
0.555	-0.006	0.000	0.123	0.082	2.437	-0.133
0.556	-0.006	-0.006	0.115	0.074	3.655	-0.133
0.558	-0.006	0.006	0.106	0.082	4.874	-0.134
0.560	0.000	0.000	0.123	0.090	2.437	-0.133
0.561	-0.006	0.000	0.123	0.074	4.874	-0.133
0.563	0.000	-0.006	0.106	0.074	4.874	-0.133
0.564	0.000	0.000	0.123	0.074	2.437	-0.134
0.566	-0.006	-0.006	0.106	0.074	3.655	-0.133
0.567	0.000	-0.012	0.115	0.082	2.437	-0.133
0.569	-0.006	-0.006	0.131	0.066	3.655	-0.134
0.570	0.000	0.000	0.123	0.074	2.437	-0.133
0.572	-0.006	0.000	0.115	0.082	2.437	-0.133
0.573	-0.006	0.000	0.123	0.082	2.437	-0.133
0.575	-0.006	0.006	0.098	0.066	6.092	-0.132
0.577	0.000	-0.006	0.123	0.082	3.655	-0.132
0.578	0.000	0.000	0.115	0.074	3.655	-0.134
0.580	0.000	0.000	0.115	0.074	3.655	-0.133
0.581	-0.006	-0.006	0.123	0.074	2.437	-0.133
0.583	-0.006	0.000	0.115	0.082	3.655	-0.133
0.584	-0.006	0.006	0.115	0.074	3.655	-0.134
0.586	0.000	0.006	0.123	0.074	2.437	-0.134
0.587	-0.006	0.000	0.123	0.082	3.655	-0.134
0.589	-0.012	0.000	0.123	0.082	3.655	-0.134
0.591	-0.006	0.000	0.106	0.082	3.655	-0.133
0.592	0.000	-0.006	0.115	0.082	4.874	-0.133
0.594	-0.006	0.000	0.098	0.090	3.655	-0.132
0.595	-0.006	0.000	0.123	0.090	3.655	-0.134
0.597	0.000	-0.006	0.098	0.066	3.655	-0.134
0.598	0.006	-0.006	0.106	0.074	2.437	-0.133
0.600	0.000	-0.012	0.115	0.074	3.655	-0.134
0.601	0.000	-0.006	0.115	0.082	2.437	-0.133
0.603	3.501	-0.043	0.123	0.090	12.185	-0.129
0.604	8.122	-0.006	0.115	0.074	-1.218	-0.139
0.606	0.444	0.000	0.115	0.074	1.218	-0.134
0.608	0.055	-0.006	0.123	0.074	1.218	-0.134
0.609	0.012	-0.006	0.123	0.066	0.000	-0.134
0.611	0.000	0.000	0.123	0.090	3.655	-0.133
0.612	-0.006	-0.018	0.123	0.082	3.655	-0.135
0.614	-0.006	0.000	0.123	0.074	3.655	-0.133
0.615	-0.006	-0.006	0.131	0.074	3.655	-0.133
0.617	-0.012	-0.006	0.115	0.066	4.874	-0.134
0.618	-0.012	-0.006	0.123	0.082	2.437	-0.134
0.620	-0.012	0.000	0.123	0.082	3.655	-0.134
0.622	-0.012	-0.006	0.123	0.074	3.655	-0.132
0.623	-0.018	0.000	0.131	0.090	4.874	-0.134
0.625	-0.018	0.000	0.131	0.074	3.655	-0.134
0.626	-0.024	-0.006	0.123	0.066	2.437	-0.133
0.628	-0.018	-0.006	0.131	0.074	3.655	-0.134
0.629	-0.018	-0.012	0.115	0.082	3.655	-0.133
0.631	-0.006	-0.006	0.115	0.090	4.874	-0.132
0.632	-0.012	-0.006	0.106	0.082	2.437	-0.132
0.634	-0.018	0.000	0.115	0.074	2.437	-0.133
0.635	-0.012	-0.006	0.123	0.074	3.655	-0.134
0.637	-0.018	-0.006	0.123	0.082	3.655	-0.133
0.639	-0.006	0.000	0.106	0.074	3.655	-0.133
0.640	-0.018	-0.006	0.123	0.074	2.437	-0.131
0.642	-0.018	-0.006	0.106	0.082	3.655	-0.133
0.643	-0.006	0.000	0.115	0.082	3.655	-0.134
0.645	-0.012	0.000	0.115	0.074	3.655	-0.132
0.646	-0.012	0.000	0.123	0.074	3.655	-0.132
0.648	-0.018	-0.006	0.131	0.074	3.655	-0.134
0.649	-0.024	-0.006	0.131	0.090	4.874	-0.134
0.651	-0.012	0.000	0.115	0.082	2.437	-0.133
0.653	-0.018	0.000	0.106	0.090	3.655	-0.132
0.654	-0.018	-0.006	0.115	0.074	2.437	-0.132
0.656	-0.006	0.000	0.123	0.074	3.655	-0.133
0.657	-0.018	0.000	0.106	0.082	2.437	-0.133
0.659	-0.018	0.006	0.115	0.090	4.874	-0.132
0.660	-0.018	-0.006	0.106	0.082	2.437	-0.132
0.662	-0.018	0.006	0.106	0.082	4.874	-0.133
0.663	-0.012	-0.006	0.106	0.082	1.218	-0.132
0.665	-0.018	0.012	0.115	0.082	2.437	-0.132
0.666	-0.018	-0.006	0.123	0.074	4.874	-0.132
0.668	-0.012	-0.012	0.115	0.074	4.874	-0.132
0.670	-0.018	-0.006	0.131	0.074	3.655	-0.132
0.671	-0.012	-0.012	0.123	0.074	3.655	-0.132
0.673	-0.012	-0.006	0.106	0.074	3.655	-0.133
0.674	-0.012	-0.006	0.106	0.082	4.874	-0.132
0.676	-0.024	0.000	0.106	0.090	2.437	-0.132
0.677	-0.018	-0.006	0.106	0.074	2.437	-0.133
0.679	-0.018	0.000	0.098	0.074	2.437	-0.134
0.680	-0.018	0.006	0.098	0.082	3.655	-0.133
0.682	-0.018	-0.006	0.098	0.082	3.655	-0.132
0.684	-0.018	0.000	0.090	0.082	4.874	-0.131
0.685	-0.018	-0.006	0.106	0.074	3.655	-0.131
0.687	-0.012	0.000	0.123	0.082	3.655	-0.132
0.688	-0.018	0.000	0.115	0.074	3.655	-0.132
0.690	-0.012	0.000	0.106	0.074	4.874	-0.134
0.691	-0.018	-0.006	0.123	0.082	3.655	-0.133
0.693	-0.018	0.000	0.123	0.090	2.437	-0.132
0.694	-0.024	0.000	0.106	0.082	1.218	-0.132
0.696	-0.006	0.000	0.115	0.074	3.655	-0.132
0.697	-0.018	-0.006	0.115	0.082	2.437	-0.132
0.699	-0.018	0.006	0.106	0.082	3.655	-0.132
0.701	-0.012	-0.006	0.106	0.074	1.218	-0.132
0.702	-0.012	0.006	0.115	0.074	3.655	-0.133
0.704	-0.012	0.000	0.123	0.074	3.655	-0.133
0.705	-2.320	-0.037	0.139	0.066	-6.092	-0.121
0.707	-0.250	-0.012	0.106	0.090	6.092	-0.128
0.708	-0.085	0.006	0.098	0.074	4.874	-0.131
0.710	-0.037	0.012	0.106	0.082	4.874	-0.133
0.711	-0.018	-0.006	0.106	0.066	4.874	-0.134
0.713	-0.006	0.000	0.115	0.082	2.437	-0.133
0.715	-0.012	0.000	0.106	0.090	4.874	-0.133
0.716	-0.018	0.000	0.115	0.066	4.874	-0.131
0.718	-0.012	0.000	0.106	0.082	3.655	-0.133
0.719	-0.012	0.000	0.123	0.082	3.655	-0.133
0.721	-0.012	0.000	0.115	0.082	4.874	-0.133
0.722	-0.006	0.000	0.115	0.074	2.437	-0.134
0.724	-0.006	-0.012	0.123	0.074	2.437	-0.132
0.725	0.000	0.000	0.098	0.082	2.437	-0.133
0.727	-0.006	0.000	0.098	0.074	2.437	-0.133
0.728	-0.018	0.006	0.115	0.066	3.655	-0.133
0.730	0.000	0.000	0.106	0.074	2.437	-0.134
0.732	-0.012	0.000	0.115	0.082	4.874	-0.133
0.733	-0.006	-0.006	0.123	0.074	3.655	-0.132
0.735	0.000	-0.006	0.115	0.074	3.655	-0.133
0.736	-0.006	0.000	0.106	0.082	4.874	-0.133
0.738	0.000	-0.012	0.115	0.082	4.874	-0.134
0.739	-0.006	0.000	0.115	0.082	1.218	-0.134
0.741	0.000	0.000	0.123	0.082	2.437	-0.133
0.742	-0.006	0.000	0.115	0.082	3.655	-0.132
0.744	-0.012	-0.006	0.115	0.074	4.874	-0.133
0.746	0.000	0.000	0.123	0.082	2.437	-0.133
0.747	0.000	0.000	0.123	0.082	4.874	-0.134
0.749	0.006	-0.006	0.115	0.090	2.437	-0.133
0.750	0.000	-0.006	0.098	0.066	2.437	-0.134
0.752	0.000	-0.006	0.106	0.082	4.874	-0.134
0.753	-0.006	-0.006	0.115	0.090	2.437	-0.134
0.755	0.000	-0.006	0.106	0.066	3.655	-0.133
0.756	-0.006	-0.006	0.106	0.074	2.437	-0.132
0.758	-0.006	0.000	0.098	0.074	3.655	-0.134
0.759	0.000	0.000	0.106	0.082	3.655	-0.133
0.761	0.000	-0.006	0.115	0.082	2.437	-0.133
0.763	0.000	0.006	0.106	0.074	3.655	-0.133
0.764	-0.006	0.006	0.106	0.082	1.218	-0.133
0.766	0.000	-0.006	0.098	0.074	2.437	-0.133
0.767	-0.012	-0.006	0.123	0.090	2.437	-0.134
0.769	-0.006	-0.006	0.123	0.074	4.874	-0.133
0.770	-0.006	0.000	0.115	0.074	1.218	-0.133
0.772	-0.006	-0.006	0.123	0.074	3.655	-0.133
0.773	-0.006	0.000	0.115	0.090	2.437	-0.134
0.775	0.000	-0.006	0.115	0.066	3.655	-0.135
0.777	-0.006	-0.006	0.106	0.082	3.655	-0.133
0.778	-0.006	-0.006	0.131	0.082	3.655	-0.134
0.780	0.000	0.000	0.115	0.074	3.655	-0.132
0.781	0.000	0.000	0.106	0.066	3.655	-0.133
0.783	-0.006	0.000	0.106	0.082	3.655	-0.133
0.784	-0.006	0.000	0.115	0.082	2.437	-0.133
0.786	0.000	-0.006	0.123	0.074	3.655	-0.133
0.787	0.000	-0.012	0.106	0.074	3.655	-0.134
0.789	0.000	-0.006	0.131	0.074	4.874	-0.133
0.790	-0.006	0.000	0.131	0.066	2.437	-0.131
0.792	0.000	0.006	0.123	0.066	2.437	-0.133
0.794	-0.006	0.000	0.115	0.082	3.655	-0.133
0.795	-0.006	-0.006	0.115	0.082	2.437	-0.133
0.797	-0.018	0.000	0.115	0.074	3.655	-0.131
0.798	0.000	-0.006	0.106	0.074	3.655	-0.132
0.800	-0.006	-0.006	0.098	0.082	2.437	-0.132
0.801	0.000	-0.006	0.106	0.082	2.437	-0.131
0.803	0.000	0.006	0.106	0.090	3.655	-0.132
0.804	10.344	-0.012	0.098	0.082	15.840	-0.123
0.806	6.478	-0.006	0.106	0.082	-2.437	-0.135
0.808	0.371	0.000	0.123	0.090	0.000	-0.137
0.809	0.049	-0.006	0.139	0.074	2.437	-0.134
0.811	0.012	0.000	0.123	0.074	2.437	-0.132
0.812	0.000	-0.006	0.123	0.057	2.437	-0.133
0.814	-0.012	-0.006	0.123	0.082	3.655	-0.133
0.815	0.000	0.000	0.139	0.082	2.437	-0.133
0.817	-0.012	-0.006	0.123	0.074	3.655	-0.132
0.818	-0.012	-0.006	0.115	0.074	4.874	-0.132
0.820	-0.012	0.000	0.131	0.074	4.874	-0.133
0.821	-0.012	0.006	0.131	0.074	2.437	-0.133
0.823	-0.018	-0.006	0.123	0.082	4.874	-0.131
0.825	-0.012	-0.006	0.115	0.082	4.874	-0.131
0.826	-0.006	-0.006	0.131	0.074	3.655	-0.133
0.828	-0.012	0.000	0.115	0.074	4.874	-0.133
0.829	-0.012	0.000	0.123	0.082	2.437	-0.133
0.831	-0.018	-0.012	0.131	0.082	2.437	-0.132
0.832	-0.018	-0.006	0.139	0.074	4.874	-0.132
0.834	-0.018	0.000	0.115	0.074	4.874	-0.132
0.835	-0.024	0.000	0.123	0.082	2.437	-0.132
0.837	-0.018	0.000	0.115	0.074	6.092	-0.133
0.839	-0.012	0.006	0.123	0.082	2.437	-0.132
0.840	-0.012	-0.006	0.131	0.082	4.874	-0.132
0.842	-0.018	-0.006	0.115	0.082	2.437	-0.133
0.843	-0.024	-0.006	0.115	0.066	2.437	-0.133
0.845	-0.012	-0.006	0.106	0.074	3.655	-0.132
0.846	-0.012	-0.006	0.123	0.082	4.874	-0.131
0.848	-0.012	0.000	0.123	0.082	3.655	-0.132
0.849	-0.012	0.000	0.115	0.066	2.437	-0.132
0.851	-0.012	0.006	0.139	0.074	3.655	-0.132
0.852	-0.012	0.000	0.123	0.082	4.874	-0.133
0.854	-0.018	-0.006	0.115	0.074	3.655	-0.133
0.856	-0.018	-0.006	0.106	0.082	3.655	-0.133
0.857	-0.012	-0.012	0.123	0.074	2.437	-0.133
0.859	-0.018	-0.006	0.106	0.074	3.655	-0.133
0.860	-0.012	0.006	0.115	0.074	2.437	-0.132
0.862	-0.012	-0.006	0.115	0.066	3.655	-0.132
0.863	-0.018	-0.006	0.115	0.074	1.218	-0.131
0.865	-0.012	-0.006	0.123	0.074	2.437	-0.133
0.866	-0.012	0.000	0.115	0.082	3.655	-0.131
0.868	-0.012	0.000	0.115	0.082	4.874	-0.134
0.870	-0.018	-0.006	0.106	0.066	4.874	-0.132
0.871	-0.018	-0.006	0.123	0.074	2.437	-0.133
0.873	-0.018	0.000	0.131	0.082	3.655	-0.133
0.874	-0.012	-0.006	0.123	0.082	2.437	-0.133
0.876	-0.012	0.000	0.106	0.074	3.655	-0.132
0.877	-0.018	0.000	0.106	0.074	3.655	-0.134
0.879	-0.012	-0.012	0.115	0.074	2.437	-0.132
0.880	-0.012	0.000	0.123	0.074	1.218	-0.131
0.882	-0.018	-0.006	0.115	0.090	3.655	-0.132
0.883	-0.012	0.000	0.106	0.090	3.655	-0.132
0.885	-0.018	-0.006	0.098	0.082	4.874	-0.133
0.887	-0.012	-0.006	0.123	0.074	2.437	-0.131
0.888	-0.012	-0.006	0.098	0.090	3.655	-0.133
0.890	-0.012	0.000	0.115	0.074	4.874	-0.132
0.891	-0.024	-0.006	0.115	0.082	3.655	-0.133
0.893	-0.018	-0.006	0.115	0.082	4.874	-0.132
0.894	-0.012	-0.006	0.106	0.074	2.437	-0.132
0.896	-0.018	-0.006	0.106	0.074	2.437	-0.132
0.897	-0.018	0.000	0.115	0.082	2.437	-0.131
0.899	-0.018	0.000	0.106	0.074	2.437	-0.132
0.901	-0.018	-0.006	0.106	0.074	3.655	-0.131
0.902	-0.012	-0.006	0.115	0.090	2.437	-0.132
0.904	-0.006	0.000	0.131	0.090	2.437	-0.132
0.905	-0.018	-0.006	0.131	0.082	2.437	-0.131
0.907	-1.900	-0.030	0.139	0.082	3.655	-0.121
0.908	-0.231	0.000	0.123	0.074	8.529	-0.128
0.910	-0.079	0.012	0.131	0.082	9.748	-0.132
0.911	-0.037	0.006	0.115	0.082	3.655	-0.133
0.913	-0.012	-0.006	0.115	0.082	3.655	-0.134
0.914	-0.012	-0.006	0.115	0.082	2.437	-0.133
0.916	-0.012	-0.012	0.115	0.082	3.655	-0.133
0.918	-0.012	0.000	0.106	0.082	3.655	-0.132
0.919	-0.012	0.000	0.115	0.082	1.218	-0.132
0.921	-0.012	0.000	0.098	0.066	4.874	-0.133
0.922	0.000	0.000	0.115	0.082	2.437	-0.133
0.924	-0.012	-0.012	0.106	0.082	3.655	-0.133
0.925	-0.012	-0.006	0.123	0.090	2.437	-0.132
0.927	0.000	0.000	0.115	0.074	2.437	-0.132
0.928	0.000	0.000	0.098	0.082	3.655	-0.133
0.930	0.000	0.000	0.106	0.074	3.655	-0.133
0.932	0.000	-0.006	0.098	0.074	2.437	-0.133
0.933	-0.006	-0.006	0.115	0.082	3.655	-0.133
0.935	-0.006	-0.006	0.115	0.082	3.655	-0.132
0.936	-0.006	-0.006	0.098	0.090	1.218	-0.134
0.938	-0.006	0.000	0.106	0.082	4.874	-0.133
0.939	-0.006	-0.012	0.123	0.082	4.874	-0.133
0.941	-0.006	0.006	0.106	0.082	3.655	-0.134
0.942	-0.006	-0.006	0.098	0.082	3.655	-0.133
0.944	-0.006	-0.006	0.115	0.074	3.655	-0.133
0.945	-0.012	-0.006	0.106	0.082	4.874	-0.133
0.947	0.000	-0.012	0.123	0.074	2.437	-0.134
0.949	-0.012	0.006	0.123	0.074	3.655	-0.133
0.950	-0.006	-0.006	0.115	0.082	1.218	-0.132
0.952	-0.006	0.000	0.115	0.074	3.655	-0.134
0.953	0.000	-0.006	0.106	0.074	3.655	-0.133
0.955	-0.006	0.000	0.106	0.082	4.874	-0.134
0.956	-0.006	0.006	0.115	0.066	3.655	-0.132
0.958	-0.006	-0.006	0.115	0.074	2.437	-0.132
0.959	-0.012	0.000	0.131	0.082	2.437	-0.132
0.961	-0.006	-0.006	0.123	0.074	3.655	-0.132
0.963	-0.006	-0.006	0.123	0.074	3.655	-0.132
0.964	-0.006	0.000	0.131	0.082	2.437	-0.132
0.966	-0.006	-0.006	0.123	0.082	3.655	-0.133
0.967	0.000	-0.012	0.115	0.074	3.655	-0.131
0.969	-0.006	-0.006	0.123	0.082	2.437	-0.134
0.970	-0.006	-0.006	0.123	0.082	2.437	-0.133
0.972	0.000	0.000	0.106	0.066	2.437	-0.132
0.973	0.000	0.000	0.115	0.082	2.437	-0.132
0.975	-0.012	0.006	0.115	0.090	3.655	-0.132
0.976	-0.012	-0.006	0.106	0.074	2.437	-0.134
0.978	-0.012	0.000	0.098	0.082	3.655	-0.133
0.980	-0.006	-0.006	0.106	0.074	2.437	-0.133
0.981	-0.012	-0.006	0.106	0.082	4.874	-0.133
0.983	-0.012	-0.006	0.123	0.090	3.655	-0.133
0.984	-0.018	0.006	0.115	0.082	1.218	-0.133
0.986	-0.006	0.000	0.123	0.082	2.437	-0.134
0.987	-0.006	-0.006	0.131	0.074	3.655	-0.133
0.989	-0.006	-0.006	0.123	0.082	3.655	-0.133
0.990	0.000	-0.006	0.115	0.082	4.874	-0.134
0.992	-0.006	-0.006	0.106	0.074	3.655	-0.133
0.994	0.000	-0.006	0.123	0.090	3.655	-0.133
0.995	-0.006	0.000	0.115	0.074	4.874	-0.133
0.997	-0.012	-0.006	0.123	0.074	3.655	-0.133
0.998	-0.012	0.000	0.123	0.074	2.437	-0.134
1.000	0.000	0.000	0.123	0.074	3.655	-0.133
1.001	0.000	-0.006	0.115	0.082	2.437	-0.133
1.003	-0.012	-0.006	0.123	0.066	3.655	-0.135
1.004	-0.006	-0.006	0.131	0.082	2.437	-0.134
1.006	17.954	-0.012	0.123	0.082	21.933	-0.128
1.007	5.151	-0.012	0.115	0.074	-1.218	-0.128
1.009	0.311	-0.006	0.123	0.082	-1.218	-0.135
1.011	0.043	0.000	0.139	0.074	1.218	-0.134
1.012	0.006	-0.006	0.147	0.082	1.218	-0.132
1.014	-0.006	-0.006	0.131	0.082	3.655	-0.132
1.015	-0.012	0.000	0.131	0.074	2.437	-0.133
1.017	-0.006	0.000	0.131	0.082	2.437	-0.133
1.018	-0.006	-0.006	0.123	0.074	3.655	-0.133
1.020	-0.012	0.000	0.115	0.082	2.437	-0.133
1.021	-0.018	-0.006	0.106	0.074	1.218	-0.132
1.023	-0.012	0.000	0.123	0.074	2.437	-0.133
1.025	-0.018	0.006	0.131	0.074	4.874	-0.132
1.026	-0.024	0.000	0.115	0.074	3.655	-0.132
1.028	-0.018	-0.006	0.115	0.066	4.874	-0.133
1.029	-0.012	-0.006	0.115	0.074	4.874	-0.133
1.031	-0.012	-0.012	0.123	0.082	3.655	-0.134
1.032	-0.024	0.000	0.115	0.082	3.655	-0.133
1.034	-0.018	-0.012	0.115	0.074	3.655	-0.133
1.035	-0.012	-0.006	0.123	0.066	3.655	-0.134
1.037	-0.024	-0.006	0.131	0.082	3.655	-0.133
1.038	-0.006	-0.006	0.131	0.074	2.437	-0.133
1.040	-0.024	-0.006	0.115	0.082	2.437	-0.133
1.042	-0.012	-0.006	0.123	0.082	6.092	-0.134
1.043	-0.018	-0.006	0.115	0.074	2.437	-0.134
1.045	-0.012	0.006	0.123	0.074	2.437	-0.132
1.046	-0.018	0.000	0.131	0.082	3.655	-0.133
1.048	-0.012	-0.006	0.123	0.074	3.655	-0.134
1.049	-0.018	0.000	0.115	0.066	2.437	-0.134
1.051	-0.018	-0.006	0.115	0.074	3.655	-0.133
1.052	-0.018	-0.006	0.115	0.082	2.437	-0.132
1.054	-0.012	-0.006	0.115	0.082	3.655	-0.133
1.056	-0.018	-0.006	0.115	0.066	3.655	-0.133
1.057	-0.012	0.000	0.115	0.082	3.655	-0.132
1.059	-0.018	-0.006	0.106	0.090	2.437	-0.132
1.060	-0.012	-0.006	0.115	0.082	3.655	-0.133
