Time (ms)	Ch1 V	Ch2 V	Ch1 A	Ch2 A	RPM	Torque
0.000	44.804	20.670	0.868	1.999	934.577	-0.786
0.002	49.352	20.682	0.967	2.007	932.140	-0.789
0.003	49.589	20.670	1.065	2.015	930.922	-0.786
0.005	49.632	20.688	1.147	2.007	929.703	-0.786
0.006	49.638	20.682	1.237	2.007	933.358	-0.785
0.008	49.644	20.688	1.294	2.023	927.266	-0.787
0.010	49.644	20.688	1.376	2.007	926.048	-0.786
0.011	49.644	20.682	1.433	1.999	924.829	-0.787
0.013	49.638	20.694	1.474	1.999	923.611	-0.787
0.014	49.632	20.682	1.524	2.007	922.392	-0.789
0.016	49.638	20.694	1.589	2.007	921.174	-0.787
0.018	49.626	20.682	1.638	2.007	919.955	-0.787
0.019	49.632	20.694	1.696	2.015	917.518	-0.789
0.021	49.632	20.670	1.736	2.007	917.518	-0.787
0.022	49.614	20.694	1.777	2.015	917.518	-0.785
0.024	49.626	20.682	1.818	2.007	915.081	-0.786
0.026	49.614	20.694	1.843	2.015	922.392	-0.787
0.027	49.614	20.688	1.884	2.007	928.485	-0.787
0.029	49.614	20.694	1.941	1.999	934.577	-0.785
0.030	49.620	20.694	1.990	2.007	935.795	-0.787
0.032	49.620	20.706	1.999	1.999	937.014	-0.786
0.034	49.614	20.718	2.040	1.999	934.577	-0.785
0.035	49.607	20.700	2.080	2.007	933.358	-0.786
0.037	49.595	20.706	2.097	2.007	932.140	-0.785
0.038	49.595	20.694	2.146	1.999	929.703	-0.786
0.040	49.589	20.718	2.154	2.015	927.266	-0.786
0.042	49.601	20.694	2.179	2.007	927.266	-0.787
0.043	49.589	20.718	2.220	2.007	926.048	-0.786
0.045	49.589	20.694	2.236	2.007	924.829	-0.785
0.046	49.583	20.700	2.269	2.007	922.392	-0.789
0.048	49.589	20.700	2.302	1.999	922.392	-0.787
0.050	49.577	20.712	2.318	1.990	919.955	-0.785
0.051	49.577	20.706	2.343	1.999	918.737	-0.785
0.053	49.577	20.706	2.351	1.999	916.300	-0.786
0.054	49.565	20.712	2.375	2.015	915.081	-0.786
0.056	49.571	20.706	2.400	2.007	917.518	-0.786
0.058	49.565	20.706	2.416	2.007	922.392	-0.789
0.059	49.559	20.706	2.449	1.999	927.266	-0.786
0.061	49.528	20.718	2.474	1.999	934.577	-0.786
0.062	49.540	20.694	2.506	1.999	934.577	-0.787
0.064	49.547	20.725	2.531	1.999	933.358	-0.790
0.066	49.540	20.700	2.539	2.007	930.922	-0.789
0.067	49.534	20.712	2.564	1.999	930.922	-0.789
0.069	49.540	20.706	2.580	1.999	930.922	-0.789
0.070	49.534	20.700	2.597	2.007	927.266	-0.789
0.072	49.528	20.706	2.605	2.007	927.266	-0.787
0.074	49.528	20.712	2.613	1.999	926.048	-0.789
0.075	49.528	20.712	2.637	2.007	923.611	-0.789
0.077	49.522	20.706	2.637	2.007	922.392	-0.789
0.078	49.510	20.718	2.678	1.999	921.174	-0.787
0.080	49.516	20.688	2.687	2.007	918.737	-0.787
0.082	49.516	20.712	2.711	1.990	917.518	-0.787
0.083	49.510	20.688	2.728	2.007	917.518	-0.787
0.085	49.504	20.700	2.736	1.999	915.081	-0.789
0.086	49.498	20.694	2.760	1.990	919.955	-0.789
0.088	49.498	20.706	2.769	1.999	917.518	-0.790
0.090	49.492	20.694	2.793	1.990	922.392	-0.787
0.091	49.492	20.706	2.801	1.999	928.485	-0.789
0.093	49.498	20.712	2.809	1.999	932.140	-0.787
0.094	49.486	20.706	2.818	1.999	935.795	-0.789
0.096	49.486	20.718	2.850	2.007	937.014	-0.786
0.098	49.486	20.700	2.842	2.007	933.358	-0.786
0.099	49.480	20.712	2.875	1.999	933.358	-0.787
0.101	49.473	20.700	2.900	1.990	929.703	-0.789
0.102	49.467	20.725	2.891	1.999	928.485	-0.789
0.104	49.467	20.706	2.908	2.007	926.048	-0.786
0.106	49.461	20.731	2.924	2.007	924.829	-0.787
0.107	49.467	20.706	2.949	2.007	926.048	-0.789
0.109	49.455	20.725	2.949	2.007	923.611	-0.789
0.110	49.449	20.718	2.973	1.999	922.392	-0.789
0.112	49.443	20.725	2.998	2.007	919.955	-0.790
0.114	49.449	20.712	2.998	1.999	919.955	-0.790
0.115	49.437	20.706	3.022	1.999	918.737	-0.790
0.117	49.443	20.725	3.031	1.990	911.426	-0.787
0.118	49.437	20.694	3.031	1.990	913.863	-0.790
0.120	49.437	20.706	3.047	2.007	918.737	-0.790
0.122	49.431	20.688	3.055	1.999	924.829	-0.790
0.123	49.431	20.712	3.072	1.999	930.922	-0.789
0.125	49.425	20.700	3.080	1.999	937.014	-0.789
0.126	49.419	20.718	3.104	1.999	935.795	-0.791
0.128	49.413	20.694	3.113	1.999	937.014	-0.789
0.130	49.407	20.694	3.137	1.999	932.140	-0.790
0.131	49.407	20.700	3.137	1.999	930.922	-0.790
0.133	49.407	20.706	3.154	1.990	930.922	-0.786
0.134	49.400	20.712	3.162	1.999	928.485	-0.790
0.136	49.394	20.706	3.186	1.999	926.048	-0.790
0.138	49.394	20.712	3.186	1.990	923.611	-0.791
0.139	49.388	20.712	3.203	1.999	923.611	-0.792
0.141	49.394	20.725	3.211	1.999	921.174	-0.791
0.142	49.388	20.706	3.227	1.999	919.955	-0.790
0.144	49.376	20.725	3.244	1.999	918.737	-0.791
0.146	49.370	20.700	3.268	2.007	918.737	-0.791
0.147	49.376	20.718	3.285	1.990	916.300	-0.790
0.149	49.370	20.700	3.276	1.990	916.300	-0.791
0.150	49.364	20.712	3.293	1.999	915.081	-0.789
0.152	49.370	20.706	3.301	1.990	921.174	-0.790
0.154	49.370	20.706	3.317	2.007	926.048	-0.791
0.155	49.352	20.712	3.334	1.999	930.922	-0.790
0.157	49.358	20.706	3.334	1.999	935.795	-0.790
0.158	49.364	20.718	3.350	1.999	934.577	-0.790
0.160	49.346	20.700	3.375	1.999	934.577	-0.790
0.162	49.346	20.718	3.399	1.999	933.358	-0.790
0.163	49.340	20.700	3.391	1.999	930.922	-0.790
0.165	49.340	20.712	3.407	1.990	930.922	-0.791
0.166	49.333	20.700	3.424	1.990	929.703	-0.791
0.168	49.327	20.725	3.440	1.990	926.048	-0.790
0.170	49.333	20.700	3.465	1.999	926.048	-0.791
0.171	49.321	20.706	3.473	1.999	922.392	-0.791
0.173	49.321	20.718	3.473	1.990	923.611	-0.791
0.174	49.321	20.706	3.481	1.990	921.174	-0.791
0.176	49.321	20.718	3.506	1.990	921.174	-0.791
0.178	49.315	20.718	3.514	1.999	917.518	-0.792
0.179	49.309	20.725	3.522	1.999	915.081	-0.792
0.181	49.309	20.700	3.547	1.999	911.426	-0.791
0.182	49.315	20.725	3.555	1.990	915.081	-0.792
0.184	49.303	20.694	3.571	1.999	921.174	-0.792
0.186	49.291	20.712	3.579	1.982	928.485	-0.791
0.187	49.291	20.682	3.588	1.990	933.358	-0.792
0.189	49.285	20.706	3.596	1.999	935.795	-0.792
0.190	49.285	20.688	3.612	1.982	934.577	-0.793
0.192	49.279	20.700	3.629	1.990	933.358	-0.792
0.194	49.279	20.694	3.629	1.990	930.922	-0.793
0.195	49.279	20.688	3.653	1.990	929.703	-0.795
0.197	49.279	20.712	3.661	1.990	927.266	-0.795
0.198	49.273	20.688	3.686	1.990	927.266	-0.793
0.200	49.266	20.712	3.710	1.999	924.829	-0.795
0.202	49.260	20.694	3.694	1.990	926.048	-0.793
0.203	49.242	20.712	3.727	1.999	922.392	-0.793
0.205	3.483	20.694	3.661	1.990	917.518	-0.795
0.206	-0.024	20.706	3.489	1.990	922.392	-0.790
0.208	-0.201	20.694	3.342	1.999	919.955	-0.795
0.210	-0.231	20.706	3.194	1.990	916.300	-0.792
0.211	-0.225	20.688	3.072	1.990	915.081	-0.796
0.213	-0.237	20.712	2.957	1.999	921.174	-0.792
0.214	-0.231	20.700	2.842	1.990	916.300	-0.793
0.216	-0.231	20.712	2.728	1.990	924.829	-0.792
0.218	-0.225	20.706	2.629	1.999	928.485	-0.791
0.219	-0.231	20.688	2.539	1.990	932.140	-0.793
0.221	-0.231	20.706	2.457	1.990	937.014	-0.790
0.222	-0.219	20.688	2.384	1.990	934.577	-0.792
0.224	-0.225	20.700	2.343	2.007	933.358	-0.792
0.226	-0.219	20.682	2.244	1.990	932.140	-0.791
0.227	-0.225	20.694	2.203	1.982	928.485	-0.792
0.229	-0.219	20.664	2.130	1.999	929.703	-0.791
0.230	-0.225	20.688	2.064	1.982	928.485	-0.792
0.232	-0.213	20.676	2.015	1.982	928.485	-0.792
0.234	-0.225	20.682	1.974	1.990	924.829	-0.793
0.235	-0.219	20.682	1.933	1.990	924.829	-0.792
0.237	-0.213	20.688	1.884	1.990	922.392	-0.790
0.238	-0.213	20.688	1.835	1.999	919.955	-0.795
0.240	-0.219	20.688	1.802	1.990	918.737	-0.793
0.242	-0.219	20.700	1.753	1.990	917.518	-0.792
0.243	-0.207	20.676	1.745	2.007	915.081	-0.792
0.245	-0.213	20.688	1.696	1.982	913.863	-0.792
0.246	-0.213	20.676	1.663	1.982	916.300	-0.792
0.248	-0.207	20.682	1.646	1.990	924.829	-0.793
0.250	-0.213	20.676	1.605	1.990	929.703	-0.792
0.251	-0.207	20.670	1.581	1.982	935.795	-0.792
0.253	-0.207	20.658	1.548	1.990	934.577	-0.791
0.254	-0.201	20.658	1.515	1.982	935.795	-0.792
0.256	-0.201	20.664	1.483	1.999	932.140	-0.792
0.258	-0.207	20.664	1.483	1.974	929.703	-0.792
0.259	-0.201	20.676	1.458	1.982	928.485	-0.795
0.261	-0.201	20.658	1.433	1.982	929.703	-0.792
0.262	-0.201	20.688	1.425	1.999	927.266	-0.792
0.264	-0.207	20.670	1.401	1.990	926.048	-0.793
0.266	-0.195	20.682	1.384	1.990	924.829	-0.793
0.267	-0.201	20.670	1.368	1.982	922.392	-0.793
0.269	-0.189	20.676	1.335	1.999	922.392	-0.792
0.270	-0.195	20.664	1.343	1.999	919.955	-0.793
0.272	-0.189	20.682	1.327	1.990	917.518	-0.792
0.274	-0.201	20.670	1.294	1.990	916.300	-0.793
0.275	-0.189	20.676	1.302	1.990	913.863	-0.791
0.277	-0.189	20.682	1.286	1.990	916.300	-0.792
0.278	-0.189	20.670	1.270	1.982	917.518	-0.791
0.280	-0.195	20.676	1.261	1.990	924.829	-0.791
0.282	-0.189	20.664	1.237	1.990	928.485	-0.792
0.283	-0.189	20.688	1.237	1.990	934.577	-0.791
0.285	-0.195	20.658	1.212	1.982	937.014	-0.791
0.286	-0.195	20.682	1.204	1.982	934.577	-0.791
0.288	-0.189	20.664	1.196	1.990	934.577	-0.792
0.290	-0.183	20.682	1.196	1.982	932.140	-0.791
0.291	-0.183	20.664	1.188	1.982	930.922	-0.791
0.293	-0.189	20.676	1.188	1.999	929.703	-0.791
0.294	-0.189	20.670	1.171	1.982	928.485	-0.791
0.296	-0.189	20.670	1.163	1.990	924.829	-0.792
0.298	-0.189	20.670	1.147	1.990	924.829	-0.790
0.299	-0.183	20.658	1.147	1.990	923.611	-0.791
0.301	-0.177	20.670	1.130	2.007	922.392	-0.789
0.302	-0.189	20.658	1.139	1.990	921.174	-0.792
0.304	-0.177	20.664	1.114	1.982	919.955	-0.791
0.306	-0.183	20.645	1.114	1.999	918.737	-0.790
0.307	-0.177	20.658	1.114	1.999	910.207	-0.790
0.309	-0.183	20.645	1.106	1.982	916.300	-0.791
0.310	-0.177	20.670	1.098	1.982	919.955	-0.789
0.312	-0.177	20.645	1.089	1.990	926.048	-0.791
0.314	-0.177	20.658	1.065	1.982	932.140	-0.790
0.315	-0.177	20.658	1.081	1.990	937.014	-0.790
0.317	-0.177	20.658	1.073	1.982	935.795	-0.791
0.318	-0.177	20.658	1.073	1.982	934.577	-0.789
0.320	-0.170	20.658	1.057	1.999	932.140	-0.791
0.322	-0.170	20.670	1.048	1.999	929.703	-0.792
0.323	-0.170	20.664	1.032	1.990	932.140	-0.789
0.325	-0.170	20.670	1.040	1.990	928.485	-0.790
0.326	-0.164	20.645	1.032	1.990	927.266	-0.790
0.328	-0.158	20.658	1.024	1.982	926.048	-0.787
0.330	-0.164	20.651	1.032	1.982	922.392	-0.789
0.331	-0.170	20.651	1.024	1.982	923.611	-0.790
0.333	-0.170	20.645	1.007	1.982	921.174	-0.789
0.334	-0.170	20.645	1.007	1.982	919.955	-0.789
0.336	-0.164	20.645	1.016	1.982	917.518	-0.789
0.338	-0.164	20.639	0.999	1.990	915.081	-0.789
0.339	-0.164	20.645	0.991	1.990	915.081	-0.789
0.341	-0.158	20.633	0.991	1.999	916.300	-0.790
0.342	-0.164	20.651	0.991	1.982	919.955	-0.790
0.344	-0.152	20.627	0.991	1.982	926.048	-0.787
0.346	-0.164	20.645	0.983	1.990	930.922	-0.787
0.347	-0.164	20.633	0.967	1.982	937.014	-0.786
0.349	-0.158	20.645	0.967	1.982	937.014	-0.790
0.350	-0.158	20.633	0.983	1.990	934.577	-0.789
0.352	-0.158	20.645	0.967	1.982	933.358	-0.787
0.354	-0.158	20.639	0.967	1.990	932.140	-0.787
0.355	-0.152	20.633	0.950	1.982	930.922	-0.789
0.357	-0.158	20.633	0.942	1.982	928.485	-0.787
0.358	-0.158	20.621	0.942	1.982	926.048	-0.789
0.360	-0.146	20.639	0.934	1.982	924.829	-0.787
0.362	-0.152	20.621	0.934	1.982	922.392	-0.787
0.363	-0.152	20.645	0.950	1.982	922.392	-0.787
0.365	-0.158	20.633	0.926	1.999	922.392	-0.786
0.366	-0.146	20.633	0.926	1.982	921.174	-0.787
0.368	-0.146	20.621	0.934	1.990	918.737	-0.786
0.370	-0.146	20.645	0.926	1.990	916.300	-0.789
0.371	-0.146	20.633	0.926	1.982	913.863	-0.789
0.373	-0.152	20.651	0.917	1.990	916.300	-0.789
0.374	-0.146	20.645	0.917	1.982	922.392	-0.789
0.376	-0.146	20.645	0.893	1.990	927.266	-0.789
0.378	-0.146	20.639	0.909	1.982	933.358	-0.786
0.379	-0.152	20.627	0.917	1.990	937.014	-0.789
0.381	-0.140	20.639	0.893	1.982	934.577	-0.787
0.382	-0.140	20.621	0.901	1.982	933.358	-0.786
0.384	-0.146	20.651	0.885	1.982	932.140	-0.787
0.386	-0.140	20.627	0.876	1.990	929.703	-0.786
0.387	-0.140	20.639	0.885	1.982	928.485	-0.790
0.389	-0.146	20.627	0.876	1.982	927.266	-0.789
0.390	-0.140	20.639	0.868	1.990	926.048	-0.789
0.392	-0.134	20.621	0.860	1.990	923.611	-0.786
0.394	-0.140	20.609	0.876	1.974	923.611	-0.790
0.395	-0.134	20.621	0.876	1.990	921.174	-0.786
0.397	-0.128	20.609	0.860	1.990	918.737	-0.786
0.398	-0.140	20.621	0.852	1.982	919.955	-0.786
0.400	-0.140	20.603	0.860	1.974	916.300	-0.789
0.402	-0.140	20.609	0.852	1.990	916.300	-0.786
0.403	-0.128	20.597	0.827	1.982	921.174	-0.789
0.405	-0.134	20.615	0.819	1.999	916.300	-0.786
0.406	-0.128	20.597	0.811	1.982	922.392	-0.786
0.408	-0.225	20.603	0.827	1.990	928.485	-0.787
0.410	45.133	20.597	0.885	1.982	934.577	-0.787
0.411	49.376	20.615	0.983	1.982	935.795	-0.789
0.413	49.595	20.603	1.073	1.990	934.577	-0.785
0.414	49.638	20.603	1.155	1.990	934.577	-0.787
0.416	49.644	20.609	1.245	1.982	933.358	-0.785
0.418	49.650	20.609	1.319	1.982	929.703	-0.785
0.419	49.638	20.615	1.384	1.990	929.703	-0.786
0.421	49.632	20.603	1.442	1.982	929.703	-0.785
0.422	49.644	20.621	1.499	1.982	927.266	-0.786
0.424	49.644	20.603	1.540	1.990	924.829	-0.785
0.426	49.632	20.603	1.597	1.982	923.611	-0.785
0.427	49.626	20.597	1.655	1.982	922.392	-0.786
0.429	49.638	20.609	1.696	1.982	919.955	-0.784
0.430	49.632	20.591	1.745	1.990	919.955	-0.786
0.432	49.620	20.603	1.802	1.990	917.518	-0.786
0.434	49.620	20.591	1.827	1.990	917.518	-0.786
0.435	49.620	20.603	1.868	1.990	915.081	-0.786
0.437	49.620	20.597	1.917	1.982	918.737	-0.785
0.438	49.620	20.585	1.933	1.990	924.829	-0.786
0.440	49.614	20.597	1.982	1.990	930.922	-0.786
0.442	49.614	20.585	2.023	1.990	935.795	-0.786
0.443	49.607	20.597	2.056	1.982	937.014	-0.785
0.445	49.601	20.566	2.080	1.974	933.358	-0.785
0.446	49.595	20.585	2.097	1.990	933.358	-0.786
0.448	49.601	20.578	2.130	1.990	932.140	-0.786
0.450	49.589	20.591	2.162	1.982	930.922	-0.785
0.451	49.589	20.585	2.195	1.990	928.485	-0.786
0.453	49.583	20.585	2.203	1.982	927.266	-0.786
0.454	49.589	20.591	2.236	1.990	926.048	-0.789
0.456	49.583	20.566	2.269	1.990	923.611	-0.789
0.458	49.577	20.578	2.293	1.990	921.174	-0.787
0.459	49.571	20.566	2.318	1.990	919.955	-0.787
0.461	49.577	20.578	2.326	1.999	919.955	-0.787
0.462	49.571	20.572	2.367	1.974	918.737	-0.787
0.464	49.577	20.591	2.392	1.999	917.518	-0.786
0.466	49.565	20.566	2.392	1.990	913.863	-0.787
0.467	49.559	20.572	2.441	1.990	917.518	-0.787
0.469	49.540	20.572	2.433	1.982	916.300	-0.787
0.470	49.540	20.578	2.490	1.982	924.829	-0.786
0.472	49.540	20.578	2.498	1.982	929.703	-0.786
0.474	49.547	20.560	2.515	1.990	938.232	-0.786
0.475	49.547	20.572	2.547	1.999	935.795	-0.786
0.477	49.540	20.554	2.564	1.982	934.577	-0.787
0.478	49.547	20.566	2.564	1.982	932.140	-0.786
0.480	49.534	20.542	2.605	1.982	933.358	-0.786
0.482	49.534	20.560	2.621	1.990	929.703	-0.786
0.483	49.534	20.542	2.637	1.990	927.266	-0.787
0.485	49.534	20.566	2.654	1.990	928.485	-0.787
0.486	49.516	20.548	2.662	1.990	927.266	-0.787
0.488	49.516	20.554	2.670	1.990	924.829	-0.787
0.490	49.510	20.560	2.687	1.990	923.611	-0.789
0.491	49.510	20.548	2.703	1.990	921.174	-0.786
0.493	49.510	20.560	2.728	1.982	922.392	-0.786
0.494	49.498	20.548	2.744	1.982	918.737	-0.789
0.496	49.498	20.560	2.752	1.990	916.300	-0.786
0.498	49.492	20.536	2.760	1.990	908.989	-0.787
0.499	49.486	20.548	2.777	1.999	915.081	-0.789
0.501	49.492	20.524	2.793	1.990	919.955	-0.786
0.502	49.480	20.524	2.809	1.990	926.048	-0.787
0.504	49.480	20.511	2.818	1.999	933.358	-0.787
0.506	49.486	20.518	2.826	1.982	935.795	-0.787
0.507	49.486	20.511	2.842	1.990	933.358	-0.789
0.509	49.473	20.518	2.859	1.990	933.358	-0.789
0.510	49.480	20.518	2.875	1.982	932.140	-0.789
0.512	49.473	20.518	2.891	1.982	930.922	-0.790
0.514	49.473	20.518	2.900	1.990	932.140	-0.785
0.515	49.467	20.505	2.916	1.974	927.266	-0.790
0.517	49.461	20.524	2.932	1.982	926.048	-0.789
0.518	49.455	20.499	2.949	1.982	924.829	-0.789
0.520	49.449	20.518	2.981	1.990	923.611	-0.789
0.522	49.455	20.499	2.990	1.982	921.174	-0.791
0.523	49.443	20.505	3.014	1.982	919.955	-0.790
0.525	49.437	20.505	3.006	1.990	918.737	-0.789
0.526	49.437	20.499	3.031	1.982	917.518	-0.789
0.528	49.443	20.493	3.031	1.982	917.518	-0.786
0.530	49.437	20.481	3.047	1.982	915.081	-0.790
0.531	49.431	20.499	3.063	1.990	916.300	-0.789
0.533	49.425	20.487	3.080	1.990	921.174	-0.787
0.534	49.413	20.499	3.072	1.990	926.048	-0.790
0.536	49.425	20.475	3.104	1.990	930.922	-0.790
0.538	49.419	20.487	3.104	1.990	937.014	-0.789
0.539	49.413	20.469	3.121	2.007	935.795	-0.789
0.541	49.413	20.499	3.121	1.990	933.358	-0.789
0.542	49.407	20.475	3.145	1.990	933.358	-0.789
0.544	49.394	20.487	3.154	1.982	932.140	-0.789
0.546	49.394	20.481	3.170	1.990	930.922	-0.789
0.547	49.394	20.457	3.186	1.990	929.703	-0.790
0.549	49.394	20.475	3.203	1.990	927.266	-0.790
0.550	49.394	20.444	3.211	1.990	926.048	-0.790
0.552	49.394	20.475	3.235	1.990	922.392	-0.789
0.554	49.382	20.451	3.227	1.982	922.392	-0.791
0.555	49.376	20.475	3.260	1.990	922.392	-0.790
0.557	49.376	20.457	3.268	1.990	922.392	-0.790
0.558	49.376	20.463	3.276	1.990	917.518	-0.790
0.560	49.364	20.457	3.293	1.990	916.300	-0.791
0.562	49.364	20.457	3.309	1.990	915.081	-0.791
0.563	49.364	20.451	3.317	1.999	916.300	-0.790
0.565	49.364	20.432	3.334	1.990	921.174	-0.791
0.566	49.352	20.432	3.350	1.982	928.485	-0.790
0.568	49.352	20.414	3.350	1.990	933.358	-0.790
0.570	49.346	20.426	3.383	1.990	935.795	-0.792
0.571	49.352	20.408	3.383	1.982	934.577	-0.792
0.573	49.346	20.420	3.383	1.999	934.577	-0.791
0.574	49.340	20.402	3.399	1.990	930.922	-0.792
0.576	49.327	20.408	3.424	1.990	930.922	-0.792
0.578	49.333	20.408	3.432	1.990	928.485	-0.792
0.579	49.321	20.402	3.448	1.999	926.048	-0.792
0.581	49.315	20.408	3.465	1.990	926.048	-0.791
0.582	49.315	20.384	3.473	1.990	926.048	-0.795
0.584	49.321	20.390	3.489	1.990	922.392	-0.793
0.586	49.315	20.378	3.514	1.990	921.174	-0.792
0.587	49.309	20.390	3.514	1.999	918.737	-0.792
0.589	49.303	20.365	3.530	1.990	916.300	-0.793
0.590	49.309	20.378	3.538	1.999	917.518	-0.791
0.592	49.297	20.359	3.555	1.990	913.863	-0.792
0.594	49.297	20.371	3.571	1.999	919.955	-0.793
0.595	49.303	20.365	3.596	1.990	918.737	-0.793
0.597	49.291	20.347	3.604	1.982	922.392	-0.791
0.598	49.291	20.359	3.612	1.999	927.266	-0.790
0.600	49.285	20.329	3.629	1.990	934.577	-0.791
0.602	49.279	20.353	3.645	1.999	937.014	-0.792
0.603	49.279	20.317	3.653	1.999	934.577	-0.791
0.605	49.273	20.347	3.645	1.990	934.577	-0.792
0.606	49.266	20.311	3.670	1.999	930.922	-0.792
0.608	49.260	20.304	3.694	2.007	932.140	-0.791
0.610	49.260	20.304	3.694	1.999	928.485	-0.792
0.611	49.260	20.304	3.710	1.999	928.485	-0.793
0.613	49.236	20.311	3.710	1.999	928.485	-0.792
0.614	3.221	20.292	3.661	1.999	923.611	-0.793
0.616	-0.037	20.292	3.489	1.999	926.048	-0.790
0.618	-0.213	20.286	3.326	1.999	923.611	-0.791
0.619	-0.225	20.292	3.170	1.990	918.737	-0.792
0.621	-0.231	20.268	3.055	1.990	918.737	-0.792
0.622	-0.231	20.280	2.941	1.999	918.737	-0.791
0.624	-0.225	20.268	2.842	1.999	910.207	-0.793
0.626	-0.231	20.262	2.736	1.990	913.863	-0.792
0.627	-0.225	20.268	2.637	1.999	919.955	-0.792
0.629	-0.231	20.250	2.564	1.999	923.611	-0.793
0.630	-0.225	20.256	2.482	1.999	928.485	-0.793
0.632	-0.219	20.225	2.400	2.007	934.577	-0.793
0.634	-0.219	20.244	2.343	2.007	935.795	-0.792
0.635	-0.213	20.213	2.269	1.999	933.358	-0.792
0.637	-0.219	20.219	2.203	2.007	933.358	-0.791
0.638	-0.219	20.213	2.130	2.007	930.922	-0.792
0.640	-0.219	20.207	2.080	1.999	923.611	-0.797
0.642	-0.231	20.207	2.015	1.999	928.485	-0.791
0.643	-0.225	20.195	1.974	2.007	927.266	-0.793
0.645	-0.219	20.201	1.925	1.999	924.829	-0.793
0.646	-0.213	20.177	1.892	1.999	923.611	-0.793
0.648	-0.219	20.195	1.843	2.007	923.611	-0.792
0.650	-0.213	20.171	1.802	2.015	921.174	-0.792
0.651	-0.213	20.183	1.753	1.999	919.955	-0.792
0.653	-0.207	20.158	1.745	1.990	916.300	-0.792
0.654	-0.219	20.164	1.704	2.015	916.300	-0.793
0.656	-0.213	20.158	1.671	1.999	913.863	-0.793
0.658	-0.207	20.140	1.646	1.999	916.300	-0.790
0.659	-0.207	20.140	1.597	2.007	918.737	-0.792
0.661	-0.201	20.116	1.573	1.999	924.829	-0.791
0.662	-0.207	20.122	1.548	1.999	930.922	-0.791
0.664	-0.201	20.097	1.524	2.007	937.014	-0.790
0.666	-0.207	20.104	1.499	2.007	937.014	-0.791
0.667	-0.195	20.085	1.483	2.015	934.577	-0.791
0.669	-0.201	20.073	1.474	2.007	934.577	-0.793
0.670	-0.201	20.079	1.450	2.007	929.703	-0.792
0.672	-0.201	20.055	1.409	2.007	930.922	-0.793
0.674	-0.195	20.055	1.392	2.007	929.703	-0.789
0.675	-0.201	20.037	1.392	1.999	927.266	-0.790
0.677	-0.201	20.055	1.368	2.007	926.048	-0.791
0.678	-0.195	20.012	1.352	2.007	923.611	-0.792
0.680	-0.195	20.037	1.335	2.015	924.829	-0.792
0.682	-0.195	20.006	1.327	2.007	923.611	-0.791
0.683	-0.195	20.018	1.311	2.023	921.174	-0.791
0.685	-0.195	20.000	1.302	2.015	918.737	-0.791
0.686	-0.195	19.994	1.278	2.015	917.518	-0.791
0.688	-0.195	19.988	1.278	2.015	911.426	-0.790
0.690	-0.195	19.957	1.270	2.023	916.300	-0.791
0.691	-0.195	19.951	1.253	2.015	922.392	-0.792
0.693	-0.195	19.921	1.253	2.007	926.048	-0.792
0.694	-0.195	19.933	1.229	2.015	932.140	-0.792
0.696	-0.189	19.909	1.220	2.015	935.795	-0.792
0.698	-0.189	20.000	1.212	2.015	933.358	-0.791
0.699	-0.189	19.994	1.204	2.015	933.358	-0.792
0.701	-0.183	20.049	1.188	2.023	932.140	-0.792
0.702	-0.183	20.152	1.171	2.015	930.922	-0.792
0.704	-0.183	20.256	1.163	2.007	928.485	-0.795
0.706	-0.183	20.353	1.155	2.007	926.048	-0.793
0.707	-0.183	20.426	1.147	2.015	924.829	-0.793
0.709	-0.183	20.511	1.130	2.015	924.829	-0.792
0.710	-0.170	20.585	1.114	2.023	922.392	-0.793
0.712	-0.189	20.664	1.122	2.015	922.392	-0.791
0.714	-0.183	20.731	1.114	2.023	918.737	-0.792
0.715	-0.177	20.779	1.114	2.023	918.737	-0.792
0.717	-0.183	20.852	1.081	2.015	917.518	-0.791
0.718	-0.177	20.895	1.089	2.023	917.518	-0.791
0.720	-0.177	20.950	1.081	2.015	919.955	-0.792
0.722	-0.170	20.999	1.073	2.023	918.737	-0.791
0.723	-0.177	21.041	1.081	2.023	922.392	-0.790
0.725	-0.170	21.084	1.073	2.015	927.266	-0.790
0.726	-0.170	21.120	1.073	2.015	933.358	-0.790
0.728	-0.164	21.151	1.065	2.023	937.014	-0.791
0.730	-0.170	21.187	1.048	2.015	937.014	-0.790
0.731	-0.170	21.199	1.040	2.015	935.795	-0.791
0.733	-0.164	21.206	1.040	2.023	933.358	-0.791
0.734	-0.170	21.199	1.040	2.007	930.922	-0.790
0.736	-0.177	21.206	1.032	2.007	929.703	-0.791
0.738	-0.164	21.187	1.040	2.007	929.703	-0.790
0.739	-0.177	21.181	1.032	1.999	926.048	-0.789
0.741	-0.164	21.163	1.007	2.007	926.048	-0.791
0.742	-0.170	21.145	1.007	2.015	923.611	-0.790
0.744	-0.170	21.132	1.007	2.015	921.174	-0.791
0.746	-0.158	21.126	0.999	2.015	921.174	-0.789
0.747	-0.164	21.120	0.999	1.999	919.955	-0.789
0.749	-0.164	21.102	0.991	2.015	921.174	-0.789
0.750	-0.170	21.096	0.999	1.999	918.737	-0.789
0.752	-0.164	21.078	0.999	1.999	915.081	-0.789
0.754	-0.152	21.084	0.999	2.007	918.737	-0.790
0.755	-0.158	21.065	0.975	2.007	921.174	-0.792
0.757	-0.158	21.072	0.967	2.007	930.922	-0.787
0.758	-0.164	21.047	0.983	1.999	932.140	-0.790
0.760	-0.164	21.059	0.975	2.007	937.014	-0.791
0.762	-0.158	21.041	0.975	1.999	934.577	-0.789
0.763	-0.146	21.029	0.967	2.015	933.358	-0.790
0.765	-0.152	21.041	0.950	1.990	932.140	-0.789
0.766	-0.146	21.023	0.958	1.999	930.922	-0.790
0.768	-0.146	21.017	0.942	1.999	928.485	-0.789
0.770	-0.158	20.986	0.934	2.007	927.266	-0.790
0.771	-0.158	20.992	0.950	2.007	924.829	-0.790
0.773	-0.152	20.968	0.934	2.015	924.829	-0.789
0.774	-0.134	20.956	0.917	1.999	922.392	-0.789
0.776	-0.152	20.950	0.934	1.990	919.955	-0.787
0.778	-0.146	20.938	0.917	2.007	921.174	-0.790
0.779	-0.152	20.932	0.926	1.999	918.737	-0.790
0.781	-0.140	20.895	0.901	1.999	917.518	-0.786
0.782	-0.146	20.901	0.909	1.999	915.081	-0.789
0.784	-0.146	20.877	0.893	1.990	919.955	-0.787
0.786	-0.140	20.871	0.909	2.015	918.737	-0.787
0.787	-0.146	20.858	0.901	1.999	923.611	-0.789
0.789	-0.134	20.852	0.901	1.990	930.922	-0.787
0.790	-0.140	20.840	0.901	1.999	933.358	-0.789
0.792	-0.134	20.822	0.901	1.999	937.014	-0.787
0.794	-0.140	20.810	0.885	2.007	935.795	-0.789
0.795	-0.134	20.792	0.885	1.999	932.140	-0.787
0.797	-0.134	20.798	0.885	1.999	932.140	-0.786
0.798	-0.140	20.755	0.876	1.999	930.922	-0.789
0.800	-0.134	20.755	0.876	1.999	929.703	-0.786
0.802	-0.134	20.731	0.868	1.999	928.485	-0.787
0.803	-0.134	20.737	0.876	1.999	926.048	-0.789
0.805	-0.134	20.731	0.852	1.999	923.611	-0.787
0.806	-0.128	20.694	0.860	1.999	923.611	-0.786
0.808	-0.134	20.700	0.852	1.990	923.611	-0.786
0.810	-0.128	20.676	0.860	1.999	922.392	-0.786
0.811	-0.134	20.682	0.844	2.007	918.737	-0.787
0.813	-0.128	20.664	0.844	1.990	918.737	-0.784
0.814	-0.128	20.670	0.844	1.999	910.207	-0.786
0.816	-0.128	20.645	0.835	1.990	913.863	-0.785
0.818	-0.250	20.645	0.827	1.999	918.737	-0.784
0.819	45.437	20.633	0.876	1.999	926.048	-0.786
0.821	49.400	20.621	0.967	1.990	929.703	-0.789
0.822	49.595	20.621	1.073	1.990	934.577	-0.787
0.824	49.638	20.597	1.155	1.990	934.577	-0.789
0.826	49.650	20.609	1.220	1.999	934.577	-0.785
0.827	49.644	20.578	1.302	1.999	933.358	-0.786
0.829	49.644	20.578	1.360	2.007	930.922	-0.787
0.830	49.650	20.554	1.425	1.999	924.829	-0.789
0.832	49.650	20.572	1.483	2.007	928.485	-0.786
0.834	49.650	20.554	1.532	1.999	927.266	-0.786
0.835	49.644	20.542	1.605	2.007	926.048	-0.789
0.837	49.632	20.536	1.646	1.999	922.392	-0.786
0.838	49.632	20.518	1.696	2.015	921.174	-0.787
0.840	49.626	20.524	1.736	1.999	919.955	-0.789
0.842	49.632	20.481	1.786	1.999	917.518	-0.786
0.843	49.638	20.511	1.827	1.999	918.737	-0.787
0.845	49.620	20.475	1.859	1.999	916.300	-0.787
0.846	49.626	20.493	1.884	1.990	916.300	-0.789
0.848	49.620	20.475	1.933	2.007	916.300	-0.786
0.850	49.620	20.487	1.982	2.007	919.955	-0.789
0.851	49.620	20.469	2.007	1.999	926.048	-0.787
0.853	49.620	20.475	2.031	1.999	933.358	-0.787
0.854	49.607	20.481	2.072	2.007	938.232	-0.789
0.856	49.614	20.444	2.089	1.999	938.232	-0.787
0.858	49.607	20.463	2.138	2.007	934.577	-0.786
0.859	49.607	20.438	2.138	1.999	933.358	-0.786
0.861	49.595	20.457	2.179	2.007	933.358	-0.786
0.862	49.589	20.420	2.187	1.999	928.485	-0.789
0.864	49.589	20.432	2.228	2.015	930.922	-0.789
0.866	49.595	20.420	2.269	1.999	928.485	-0.787
0.867	49.589	20.408	2.285	2.007	927.266	-0.786
0.869	49.583	20.414	2.285	1.999	924.829	-0.786
0.870	49.583	20.390	2.318	1.999	923.611	-0.787
0.872	49.583	20.402	2.351	2.007	922.392	-0.787
0.874	49.577	20.371	2.367	2.007	919.955	-0.786
0.875	49.577	20.396	2.384	2.015	918.737	-0.787
0.877	49.577	20.365	2.400	2.007	918.737	-0.787
0.878	49.571	20.378	2.416	1.999	913.863	-0.789
0.880	49.553	20.365	2.441	2.007	916.300	-0.787
0.882	49.540	20.371	2.465	1.999	921.174	-0.787
0.883	49.553	20.365	2.506	2.015	927.266	-0.789
0.885	49.553	20.359	2.523	2.007	934.577	-0.789
0.886	49.553	20.365	2.547	1.999	935.795	-0.789
0.888	49.553	20.353	2.539	2.007	934.577	-0.789
0.890	49.547	20.365	2.564	1.999	932.140	-0.789
0.891	49.540	20.335	2.597	1.999	932.140	-0.789
0.893	49.540	20.353	2.613	2.007	929.703	-0.789
0.894	49.534	20.341	2.629	2.007	929.703	-0.790
0.896	49.528	20.359	2.646	2.007	927.266	-0.791
0.898	49.528	20.341	2.654	1.999	927.266	-0.787
0.899	49.528	20.353	2.670	2.007	926.048	-0.789
0.901	49.522	20.335	2.678	2.015	923.611	-0.789
0.902	49.516	20.347	2.695	2.015	921.174	-0.787
0.904	49.516	20.353	2.728	2.023	921.174	-0.789
0.906	49.510	20.341	2.728	2.015	917.518	-0.790
0.907	49.510	20.353	2.744	2.015	917.518	-0.789
0.909	49.498	20.335	2.752	2.015	916.300	-0.789
0.910	49.504	20.353	2.752	2.015	922.392	-0.789
0.912	49.498	20.335	2.777	2.007	915.081	-0.790
0.914	49.498	20.341	2.801	2.007	921.174	-0.789
0.915	49.486	20.329	2.801	2.007	928.485	-0.787
0.917	49.492	20.353	2.818	2.015	933.358	-0.790
0.918	49.480	20.329	2.842	2.007	938.232	-0.790
0.920	49.486	20.353	2.859	2.007	937.014	-0.787
0.922	49.480	20.341	2.867	1.990	933.358	-0.787
0.923	49.473	20.353	2.867	2.007	933.358	-0.787
0.925	49.467	20.353	2.891	1.999	932.140	-0.789
0.926	49.473	20.323	2.900	2.015	928.485	-0.789
0.928	49.461	20.347	2.908	1.999	928.485	-0.787
0.930	49.467	20.329	2.932	2.007	928.485	-0.787
0.931	49.461	20.353	2.932	2.015	924.829	-0.789
0.933	49.461	20.335	2.949	2.015	924.829	-0.787
0.934	49.443	20.347	2.981	2.015	921.174	-0.790
0.936	49.455	20.341	2.973	2.015	921.174	-0.789
0.938	49.449	20.347	2.998	2.023	921.174	-0.790
0.939	49.437	20.335	3.014	2.023	917.518	-0.790
0.941	49.437	20.347	3.031	2.015	917.518	-0.789
0.942	49.437	20.353	3.031	2.007	916.300	-0.789
0.944	49.437	20.335	3.055	2.015	917.518	-0.787
0.946	49.431	20.353	3.063	2.023	923.611	-0.790
0.947	49.425	20.335	3.072	2.023	928.485	-0.790
0.949	49.419	20.359	3.088	2.023	934.577	-0.790
0.950	49.425	20.341	3.104	2.007	935.795	-0.789
0.952	49.425	20.365	3.129	2.015	934.577	-0.791
0.954	49.413	20.329	3.129	2.015	933.358	-0.791
0.955	49.413	20.353	3.145	2.015	932.140	-0.790
0.957	49.413	20.347	3.154	2.023	929.703	-0.792
0.958	49.400	20.347	3.170	2.015	928.485	-0.790
0.960	49.394	20.353	3.194	2.015	928.485	-0.789
0.962	49.400	20.353	3.203	2.023	927.266	-0.790
0.963	49.388	20.365	3.211	2.015	924.829	-0.792
0.965	49.382	20.341	3.219	2.007	922.392	-0.790
0.966	49.382	20.359	3.227	2.007	921.174	-0.791
0.968	49.382	20.335	3.235	2.007	919.955	-0.790
0.970	49.376	20.371	3.252	2.015	919.955	-0.791
0.971	49.370	20.353	3.268	2.023	916.300	-0.790
0.973	49.364	20.371	3.276	2.015	913.863	-0.791
0.974	49.364	20.359	3.293	2.015	917.518	-0.793
0.976	49.376	20.390	3.293	2.015	917.518	-0.791
0.978	49.370	20.371	3.309	2.015	924.829	-0.790
0.979	49.352	20.378	3.317	2.015	929.703	-0.790
0.981	49.358	20.378	3.350	2.015	935.795	-0.790
0.982	49.352	20.384	3.366	2.023	937.014	-0.791
0.984	49.346	20.390	3.375	2.007	935.795	-0.792
0.986	49.346	20.378	3.383	2.015	934.577	-0.791
0.987	49.346	20.390	3.383	2.015	932.140	-0.792
0.989	49.346	20.371	3.391	2.015	929.703	-0.790
0.990	49.333	20.396	3.424	2.015	928.485	-0.791
0.992	49.333	20.378	3.440	2.031	927.266	-0.792
0.994	49.333	20.390	3.448	2.023	926.048	-0.791
0.995	49.333	20.365	3.465	2.007	926.048	-0.793
0.997	49.327	20.396	3.465	2.023	923.611	-0.792
0.998	49.321	20.378	3.481	2.007	921.174	-0.791
1.000	49.315	20.384	3.506	2.015	922.392	-0.792
1.002	49.315	20.390	3.522	2.015	919.955	-0.791
1.003	49.315	20.390	3.538	2.007	918.737	-0.793
1.005	49.315	20.408	3.538	2.031	910.207	-0.791
1.006	49.303	20.390	3.547	2.023	912.644	-0.791
1.008	49.303	20.408	3.571	2.015	919.955	-0.792
1.010	49.303	20.390	3.588	2.023	923.611	-0.793
1.011	49.291	20.408	3.604	2.015	930.922	-0.792
1.013	49.297	20.390	3.596	2.023	937.014	-0.792
1.014	49.291	20.414	3.604	1.999	934.577	-0.792
1.016	49.285	20.396	3.629	2.007	934.577	-0.793
1.018	49.266	20.414	3.645	2.023	933.358	-0.791
1.019	49.279	20.414	3.661	2.015	930.922	-0.793
1.021	49.273	20.426	3.653	2.015	927.266	-0.792
1.022	49.218	20.420	3.686	2.023	928.485	-0.793
1.024	2.977	20.414	3.620	2.015	926.048	-0.795
1.026	-0.043	20.426	3.440	2.015	929.703	-0.791
1.027	-0.201	20.408	3.293	2.007	923.611	-0.793
1.029	-0.219	20.438	3.145	2.015	921.174	-0.793
1.030	-0.237	20.414	3.014	2.015	919.955	-0.792
1.032	-0.231	20.426	2.900	2.023	918.737	-0.792
1.034	-0.231	20.414	2.793	2.015	916.300	-0.793
1.035	-0.225	20.432	2.703	2.007	916.300	-0.793
1.037	-0.237	20.414	2.605	2.031	916.300	-0.795
1.038	-0.231	20.420	2.523	2.015	916.300	-0.793
1.040	-0.225	20.414	2.441	2.007	919.955	-0.793
1.042	-0.219	20.426	2.359	2.015	926.048	-0.792
1.043	-0.219	20.426	2.285	2.015	929.703	-0.793
1.045	-0.219	20.426	2.236	2.023	937.014	-0.793
1.046	-0.219	20.444	2.171	2.015	938.232	-0.793
1.048	-0.225	20.426	2.097	2.023	934.577	-0.791
1.050	-0.219	20.438	2.040	2.023	933.358	-0.792
1.051	-0.213	20.414	1.999	2.031	933.358	-0.793
1.053	-0.225	20.444	1.941	2.023	929.703	-0.791
1.054	-0.219	20.420	1.900	2.015	927.266	-0.792
1.056	-0.207	20.438	1.851	2.015	928.485	-0.791
1.058	-0.207	20.438	1.827	2.007	924.829	-0.792
1.059	-0.207	20.444	1.777	2.015	924.829	-0.795
1.061	-0.225	20.438	1.745	2.015	923.611	-0.792
1.062	-0.213	20.444	1.712	2.023	922.392	-0.793
1.064	-0.213	20.451	1.663	2.015	919.955	-0.792
1.066	-0.213	20.444	1.638	2.015	917.518	-0.792
1.067	-0.201	20.463	1.614	2.015	917.518	-0.792
1.069	-0.207	20.438	1.589	2.015	910.207	-0.791
1.070	-0.207	20.463	1.556	2.007	915.081	-0.791
1.072	-0.213	20.451	1.532	2.023	921.174	-0.791
1.074	-0.201	20.463	1.515	2.007	927.266	-0.792
1.075	-0.195	20.438	1.491	2.023	933.358	-0.792
1.077	-0.213	20.475	1.466	2.015	935.795	-0.793
1.078	-0.195	20.457	1.433	1.999	935.795	-0.793
1.080	-0.195	20.481	1.417	2.023	934.577	-0.792
1.082	-0.201	20.475	1.392	2.023	930.922	-0.793
1.083	-0.189	20.481	1.384	2.023	929.703	-0.792
1.085	-0.195	20.481	1.376	2.015	932.140	-0.793
1.086	-0.195	20.469	1.360	2.015	928.485	-0.792
1.088	-0.189	20.487	1.327	2.023	926.048	-0.793
1.090	-0.189	20.475	1.327	2.007	924.829	-0.792
1.091	-0.189	20.493	1.302	2.023	921.174	-0.795
1.093	-0.195	20.475	1.311	2.015	922.392	-0.792
1.094	-0.189	20.493	1.294	2.023	921.174	-0.792
1.096	-0.189	20.469	1.253	2.015	918.737	-0.791
1.098	-0.189	20.487	1.253	2.015	918.737	-0.791
1.099	-0.183	20.475	1.237	2.007	915.081	-0.793
1.101	-0.183	20.481	1.245	2.015	916.300	-0.791
1.102	-0.195	20.481	1.229	2.015	916.300	-0.792
1.104	-0.189	20.493	1.204	2.031	921.174	-0.792
1.106	-0.195	20.499	1.196	2.023	926.048	-0.792
1.107	-0.183	20.499	1.204	2.007	932.140	-0.792
1.109	-0.195	20.518	1.204	2.015	937.014	-0.792
1.110	-0.189	20.493	1.179	2.015	934.577	-0.792
1.112	-0.177	20.518	1.171	2.031	934.577	-0.793
1.114	-0.183	20.505	1.163	2.023	933.358	-0.792
1.115	-0.183	20.530	1.139	2.023	932.140	-0.792
1.117	-0.189	20.499	1.122	2.015	930.922	-0.791
1.118	-0.183	20.518	1.139	2.015	927.266	-0.792
1.120	-0.177	20.511	1.130	2.015	927.266	-0.791
1.122	-0.177	20.518	1.114	2.023	927.266	-0.792
1.123	-0.177	20.524	1.114	2.023	923.611	-0.790
1.125	-0.170	20.511	1.114	2.007	923.611	-0.791
1.126	-0.170	20.518	1.106	2.007	919.955	-0.791
1.128	-0.177	20.511	1.106	2.015	918.737	-0.791
1.130	-0.183	20.524	1.089	2.007	918.737	-0.791
1.131	-0.170	20.518	1.073	2.015	917.518	-0.791
1.133	-0.177	20.524	1.081	2.031	916.300	-0.790
1.134	-0.170	20.499	1.073	2.015	918.737	-0.791
1.136	-0.164	20.518	1.057	2.007	922.392	-0.792
1.138	-0.170	20.493	1.040	2.015	928.485	-0.790
1.139	-0.164	20.505	1.032	2.007	935.795	-0.790
1.141	-0.170	20.505	1.040	2.007	934.577	-0.791
1.142	-0.177	20.505	1.016	2.015	934.577	-0.791
1.144	-0.170	20.511	1.016	2.015	932.140	-0.793
1.146	-0.164	20.518	1.024	1.999	932.140	-0.791
1.147	-0.164	20.530	1.007	2.007	930.922	-0.790
1.149	-0.170	20.511	1.007	2.023	927.266	-0.791
1.150	-0.170	20.524	0.999	2.015	927.266	-0.792
1.152	-0.164	20.505	0.991	2.007	924.829	-0.790
1.154	-0.158	20.530	0.991	2.023	924.829	-0.793
1.155	-0.152	20.499	0.999	2.023	922.392	-0.792
1.157	-0.164	20.518	0.999	2.023	921.174	-0.791
1.158	-0.158	20.505	0.983	2.015	917.518	-0.791
1.160	-0.158	20.530	0.975	2.015	917.518	-0.791
1.162	-0.158	20.518	0.975	2.023	918.737	-0.790
1.163	-0.152	20.536	0.983	2.031	915.081	-0.792
1.165	-0.158	20.536	0.975	2.023	921.174	-0.791
1.166	-0.158	20.542	0.975	2.023	917.518	-0.792
1.168	-0.146	20.548	0.950	2.015	923.611	-0.790
1.170	-0.146	20.542	0.967	2.015	930.922	-0.790
1.171	-0.152	20.554	0.958	2.015	934.577	-0.790
1.173	-0.140	20.542	0.958	2.015	937.014	-0.789
1.174	-0.158	20.554	0.942	2.023	934.577	-0.791
1.176	-0.152	20.536	0.950	2.007	932.140	-0.789
1.178	-0.152	20.548	0.934	2.023	932.140	-0.787
1.179	-0.146	20.536	0.926	2.023	929.703	-0.790
1.181	-0.146	20.560	0.942	2.015	930.922	-0.789
1.182	-0.152	20.548	0.926	2.023	927.266	-0.789
1.184	-0.140	20.548	0.926	2.015	927.266	-0.789
1.186	-0.152	20.548	0.909	2.015	924.829	-0.787
1.187	-0.140	20.554	0.909	2.007	923.611	-0.789
1.189	-0.152	20.566	0.909	2.015	923.611	-0.789
1.190	-0.146	20.560	0.909	2.015	919.955	-0.790
1.192	-0.140	20.572	0.909	2.015	919.955	-0.787
1.194	-0.140	20.560	0.885	2.015	918.737	-0.787
1.195	-0.134	20.572	0.893	2.015	912.644	-0.787
1.197	-0.140	20.554	0.893	2.007	916.300	-0.789
1.198	-0.146	20.572	0.885	2.015	917.518	-0.789
1.200	-0.128	20.548	0.876	2.007	923.611	-0.789
1.202	-0.140	20.578	0.876	2.015	932.140	-0.789
1.203	-0.134	20.560	0.876	2.007	933.358	-0.789
1.205	-0.134	20.578	0.868	2.015	935.795	-0.786
1.206	-0.134	20.578	0.868	2.015	934.577	-0.789
1.208	-0.140	20.566	0.860	2.015	933.358	-0.790
1.210	-0.128	20.578	0.852	2.007	932.140	-0.789
1.211	-0.140	20.572	0.852	2.015	926.048	-0.791
1.213	-0.134	20.591	0.844	2.007	927.266	-0.789
1.214	-0.128	20.572	0.844	2.007	926.048	-0.787
1.216	-0.134	20.585	0.852	1.999	924.829	-0.789
1.218	-0.134	20.560	0.844	2.007	926.048	-0.787
1.219	-0.128	20.597	0.827	1.999	921.174	-0.789
1.221	-0.128	20.578	0.844	2.007	921.174	-0.789
1.222	-0.128	20.597	0.852	2.007	918.737	-0.786
1.224	-0.134	20.585	0.835	2.015	917.518	-0.787
1.226	-0.134	20.603	0.844	2.007	915.081	-0.789
1.227	-0.292	20.597	0.827	2.015	915.081	-0.789
1.229	45.735	20.615	0.860	2.015	916.300	-0.789
1.230	49.413	20.621	0.967	2.015	916.300	-0.789
1.232	49.614	20.603	1.065	2.015	923.611	-0.787
1.234	49.638	20.621	1.155	2.007	930.922	-0.787
1.235	49.644	20.597	1.220	2.015	934.577	-0.789
1.237	49.650	20.621	1.311	2.015	938.232	-0.789
1.238	49.650	20.603	1.360	2.015	934.577	-0.789
1.240	49.650	20.621	1.425	2.023	932.140	-0.787
1.242	49.650	20.609	1.483	2.015	932.140	-0.786
1.243	49.638	20.633	1.532	2.023	930.922	-0.786
1.245	49.632	20.621	1.589	2.015	929.703	-0.786
1.246	49.638	20.627	1.630	2.015	926.048	-0.789
1.248	49.638	20.627	1.687	1.999	926.048	-0.786
1.250	49.644	20.627	1.720	2.007	923.611	-0.787
1.251	49.632	20.633	1.769	2.023	922.392	-0.789
1.253	49.632	20.627	1.818	1.999	921.174	-0.785
1.254	49.632	20.639	1.835	2.007	918.737	-0.787
1.256	49.620	20.621	1.884	2.015	918.737	-0.786
1.258	49.626	20.645	1.925	2.007	917.518	-0.787
1.259	49.626	20.621	1.949	2.007	910.207	-0.789
1.261	49.626	20.651	1.990	2.015	915.081	-0.786
1.262	49.614	20.633	2.040	2.023	918.737	-0.790
1.264	49.614	20.651	2.048	2.015	926.048	-0.789
1.266	49.614	20.645	2.080	2.023	932.140	-0.787
1.267	49.595	20.645	2.097	2.023	937.014	-0.785
1.269	49.607	20.658	2.130	2.023	935.795	-0.787
1.270	49.595	20.658	2.171	2.015	933.358	-0.790
1.272	49.601	20.670	2.195	2.007	932.140	-0.790
1.274	49.595	20.658	2.228	2.015	930.922	-0.789
1.275	49.595	20.670	2.228	2.023	932.140	-0.787
1.277	49.601	20.664	2.269	2.031	929.703	-0.787
1.278	49.583	20.682	2.277	2.015	927.266	-0.790
1.280	49.583	20.670	2.318	2.015	927.266	-0.789
1.282	49.583	20.676	2.334	2.015	926.048	-0.787
1.283	49.577	20.664	2.359	2.015	922.392	-0.787
1.285	49.571	20.682	2.384	2.023	919.955	-0.787
1.286	49.577	20.664	2.400	2.007	918.737	-0.789
1.288	49.565	20.688	2.441	2.015	916.300	-0.790
1.290	49.559	20.682	2.441	2.007	916.300	-0.789
1.291	49.528	20.694	2.474	2.023	915.081	-0.789
1.293	49.553	20.700	2.482	2.015	913.863	-0.789
1.294	49.559	20.676	2.515	2.007	919.955	-0.789
1.296	49.547	20.694	2.523	2.007	924.829	-0.787
1.298	49.547	20.670	2.564	2.007	933.358	-0.789
1.299	49.547	20.688	2.572	2.015	938.232	-0.790
1.301	49.547	20.670	2.597	2.015	935.795	-0.789
1.302	49.534	20.682	2.605	2.015	933.358	-0.789
1.304	49.522	20.664	2.613	2.015	933.358	-0.789
1.306	49.528	20.670	2.637	2.015	930.922	-0.789
1.307	49.528	20.676	2.646	2.007	930.922	-0.789
1.309	49.528	20.676	2.670	2.007	928.485	-0.789
1.310	49.528	20.682	2.670	2.007	926.048	-0.790
1.312	49.516	20.664	2.695	2.015	927.266	-0.789
1.314	49.516	20.676	2.703	2.007	924.829	-0.789
1.315	49.510	20.682	2.703	2.015	922.392	-0.789
1.317	49.504	20.688	2.744	2.023	921.174	-0.789
1.318	49.510	20.676	2.769	2.007	918.737	-0.789
1.320	49.504	20.694	2.785	2.007	917.518	-0.789
1.322	49.492	20.670	2.785	2.007	917.518	-0.790
1.323	49.492	20.700	2.809	2.007	913.863	-0.790
1.325	49.486	20.682	2.801	2.023	918.737	-0.791
1.326	49.486	20.700	2.818	1.999	922.392	-0.790
1.328	49.486	20.682	2.850	1.990	927.266	-0.791
1.330	49.473	20.725	2.867	1.999	933.358	-0.789
1.331	49.473	20.651	2.859	2.007	934.577	-0.791
1.333	49.473	20.621	2.883	1.999	935.795	-0.790
1.334	49.467	20.639	2.883	2.007	932.140	-0.789
1.336	49.467	20.615	2.916	2.007	933.358	-0.791
1.338	49.461	20.633	2.932	1.999	930.922	-0.791
1.339	49.461	20.609	2.941	1.990	927.266	-0.791
1.341	49.461	20.621	2.949	2.007	926.048	-0.792
1.342	49.455	20.603	2.965	1.999	926.048	-0.791
1.344	49.449	20.615	2.981	1.990	923.611	-0.792
1.346	49.437	20.603	2.990	1.990	922.392	-0.792
1.347	49.449	20.603	2.998	1.990	919.955	-0.791
1.349	49.443	20.597	3.006	1.990	919.955	-0.791
1.350	49.443	20.597	3.031	1.990	917.518	-0.791
1.352	49.431	20.591	3.039	1.990	917.518	-0.791
1.354	49.431	20.597	3.055	1.999	915.081	-0.791
1.355	49.425	20.597	3.055	1.990	921.174	-0.791
1.357	49.419	20.597	3.080	1.990	917.518	-0.790
1.358	49.413	20.591	3.104	1.990	922.392	-0.791
1.360	49.413	20.578	3.104	1.999	927.266	-0.790
1.362	49.419	20.597	3.121	1.990	933.358	-0.791
1.363	49.413	20.578	3.129	2.007	937.014	-0.790
1.365	49.400	20.591	3.145	1.999	935.795	-0.790
1.366	49.400	20.578	3.162	2.007	934.577	-0.790
1.368	49.400	20.603	3.162	1.982	932.140	-0.791
1.370	49.394	20.585	3.178	1.990	930.922	-0.791
1.371	49.394	20.597	3.194	1.982	929.703	-0.791
1.373	49.388	20.591	3.211	1.990	929.703	-0.791
1.374	49.388	20.578	3.227	1.999	926.048	-0.792
1.376	49.382	20.597	3.235	1.999	924.829	-0.791
1.378	49.382	20.572	3.260	1.999	923.611	-0.791
1.379	49.376	20.585	3.276	1.999	922.392	-0.791
1.381	49.376	20.560	3.285	1.999	921.174	-0.792
1.382	49.376	20.585	3.293	1.990	917.518	-0.792
1.384	49.358	20.554	3.301	1.982	918.737	-0.790
1.386	49.370	20.572	3.309	1.982	913.863	-0.791
1.387	49.358	20.560	3.326	1.990	912.644	-0.792
1.389	49.358	20.578	3.350	1.990	918.737	-0.792
1.390	49.358	20.572	3.342	1.990	922.392	-0.792
1.392	49.352	20.578	3.358	1.990	928.485	-0.791
1.394	49.340	20.572	3.366	1.999	934.577	-0.793
1.395	49.340	20.548	3.383	1.999	935.795	-0.793
1.397	49.333	20.572	3.416	1.999	934.577	-0.792
1.398	49.333	20.554	3.416	1.999	932.140	-0.793
1.400	49.327	20.566	3.432	1.999	930.922	-0.791
1.402	49.321	20.554	3.457	1.999	929.703	-0.793
1.403	49.321	20.572	3.457	1.999	927.266	-0.792
1.405	49.321	20.554	3.473	1.999	927.266	-0.792
1.406	49.321	20.591	3.489	1.990	926.048	-0.795
1.408	49.309	20.566	3.506	1.999	923.611	-0.793
1.410	49.309	20.597	3.522	1.990	921.174	-0.792
1.411	49.309	20.585	3.530	1.999	922.392	-0.792
1.413	49.303	20.597	3.547	1.999	918.737	-0.793
1.414	49.303	20.591	3.563	1.982	918.737	-0.795
1.416	49.303	20.597	3.555	1.999	917.518	-0.792
1.418	49.297	20.603	3.571	1.999	916.300	-0.795
1.419	49.303	20.597	3.579	1.982	915.081	-0.795
1.421	49.285	20.609	3.596	1.990	917.518	-0.793
1.422	49.279	20.603	3.629	1.990	926.048	-0.793
1.424	49.279	20.609	3.629	1.990	929.703	-0.792
1.426	49.279	20.591	3.629	1.982	934.577	-0.792
1.427	49.279	20.591	3.645	1.990	937.014	-0.792
1.429	49.273	20.578	3.670	1.999	935.795	-0.793
1.430	49.273	20.591	3.678	1.990	932.140	-0.792
1.432	49.126	20.578	3.686	1.990	932.140	-0.792
1.434	2.758	20.572	3.629	1.999	928.485	-0.793
1.435	-0.061	20.578	3.448	1.990	930.922	-0.792
1.437	-0.207	20.597	3.309	1.999	927.266	-0.793
1.438	-0.213	20.597	3.162	1.974	926.048	-0.795
1.440	-0.231	20.603	3.047	1.982	924.829	-0.795
1.442	-0.231	20.615	2.924	1.990	923.611	-0.792
1.443	-0.231	20.603	2.809	1.990	922.392	-0.793
1.445	-0.231	20.609	2.719	1.999	919.955	-0.792
1.446	-0.225	20.597	2.621	1.999	918.737	-0.793
1.448	-0.231	20.609	2.531	1.999	917.518	-0.792
1.450	-0.225	20.597	2.449	1.990	911.426	-0.795
1.451	-0.219	20.609	2.359	1.990	915.081	-0.793
1.453	-0.225	20.603	2.285	1.990	921.174	-0.795
1.454	-0.225	20.615	2.228	1.990	924.829	-0.793
1.456	-0.219	20.609	2.187	1.990	933.358	-0.795
1.458	-0.219	20.603	2.105	1.990	937.014	-0.793
1.459	-0.225	20.621	2.064	1.982	934.577	-0.795
1.461	-0.225	20.609	1.990	1.990	932.140	-0.792
1.462	-0.213	20.621	1.949	1.982	933.358	-0.795
1.464	-0.225	20.609	1.900	1.999	930.922	-0.793
1.466	-0.219	20.621	1.859	1.982	932.140	-0.792
1.467	-0.213	20.597	1.818	1.990	927.266	-0.796
1.469	-0.219	20.615	1.786	1.990	926.048	-0.795
1.470	-0.219	20.597	1.753	1.999	924.829	-0.793
1.472	-0.219	20.609	1.720	1.990	923.611	-0.793
1.474	-0.213	20.597	1.679	1.999	922.392	-0.795
1.475	-0.207	20.615	1.622	1.982	919.955	-0.795
1.477	-0.207	20.603	1.614	1.999	918.737	-0.795
1.478	-0.213	20.585	1.589	1.990	917.518	-0.793
1.480	-0.207	20.609	1.573	2.007	916.300	-0.793
1.482	-0.207	20.597	1.548	1.990	913.863	-0.792
1.483	-0.195	20.615	1.515	1.990	913.863	-0.795
1.485	-0.213	20.603	1.491	1.990	919.955	-0.793
1.486	-0.207	20.621	1.466	1.982	927.266	-0.795
1.488	-0.195	20.603	1.458	1.990	933.358	-0.791
1.490	-0.201	20.639	1.425	1.982	939.451	-0.791
1.491	-0.201	20.621	1.417	1.990	937.014	-0.793
1.493	-0.195	20.633	1.401	1.982	932.140	-0.793
1.494	-0.201	20.621	1.376	1.990	932.140	-0.792
1.496	-0.195	20.621	1.360	1.982	932.140	-0.792
1.498	-0.189	20.621	1.352	1.990	929.703	-0.792
1.499	-0.189	20.621	1.343	1.990	927.266	-0.792
1.501	-0.195	20.627	1.302	1.999	928.485	-0.791
1.502	-0.195	20.603	1.302	1.990	926.048	-0.792
1.504	-0.195	20.627	1.270	1.990	923.611	-0.792
1.506	-0.195	20.597	1.270	1.982	923.611	-0.791
1.507	-0.183	20.621	1.253	1.974	921.174	-0.793
1.509	-0.189	20.615	1.237	1.990	918.737	-0.792
1.510	-0.189	20.633	1.220	1.982	917.518	-0.792
1.512	-0.189	20.615	1.212	1.990	916.300	-0.791
1.514	-0.183	20.627	1.188	1.999	913.863	-0.793
1.515	-0.189	20.627	1.188	1.990	916.300	-0.791
1.517	-0.183	20.621	1.188	1.982	922.392	-0.792
1.518	-0.183	20.633	1.188	1.990	927.266	-0.793
1.520	-0.183	20.627	1.171	1.990	934.577	-0.791
1.522	-0.183	20.627	1.179	1.999	935.795	-0.791
1.523	-0.170	20.621	1.155	1.982	933.358	-0.792
1.525	-0.189	20.627	1.147	1.990	934.577	-0.792
1.526	-0.177	20.615	1.155	1.990	929.703	-0.791
1.528	-0.170	20.633	1.139	1.999	930.922	-0.791
1.530	-0.189	20.609	1.122	1.982	927.266	-0.793
1.531	-0.183	20.633	1.106	1.982	927.266	-0.792
1.533	-0.177	20.609	1.098	1.982	927.266	-0.792
1.534	-0.177	20.645	1.114	1.990	924.829	-0.792
1.536	-0.183	20.621	1.098	1.982	923.611	-0.792
1.538	-0.183	20.633	1.081	1.990	921.174	-0.792
1.539	-0.177	20.639	1.089	1.990	918.737	-0.792
1.541	-0.177	20.627	1.065	1.982	916.300	-0.792
1.542	-0.170	20.645	1.073	1.990	917.518	-0.792
1.544	-0.177	20.633	1.065	1.982	916.300	-0.792
1.546	-0.164	20.645	1.065	1.990	921.174	-0.791
1.547	-0.170	20.621	1.040	1.982	916.300	-0.792
1.549	-0.177	20.639	1.048	1.982	922.392	-0.791
1.550	-0.170	20.627	1.040	1.990	927.266	-0.789
1.552	-0.164	20.651	1.048	1.982	932.140	-0.790
1.554	-0.170	20.627	1.024	1.990	937.014	-0.790
1.555	-0.164	20.639	1.016	1.990	934.577	-0.791
1.557	-0.170	20.627	1.016	1.982	933.358	-0.791
1.558	-0.164	20.645	1.007	1.990	930.922	-0.790
1.560	-0.170	20.645	1.007	1.982	930.922	-0.790
1.562	-0.158	20.633	1.016	1.999	929.703	-0.789
1.563	-0.164	20.645	1.007	1.990	927.266	-0.787
1.565	-0.164	20.627	0.999	1.982	926.048	-0.790
1.566	-0.164	20.639	0.983	1.990	923.611	-0.790
1.568	-0.158	20.633	0.991	1.990	923.611	-0.789
1.570	-0.152	20.639	0.991	1.990	922.392	-0.789
1.571	-0.158	20.621	0.983	1.990	921.174	-0.790
1.573	-0.152	20.639	0.967	1.982	919.955	-0.790
1.574	-0.164	20.621	0.958	1.999	916.300	-0.790
1.576	-0.158	20.639	0.950	1.982	915.081	-0.789
1.578	-0.158	20.621	0.950	1.990	913.863	-0.789
1.579	-0.158	20.627	0.967	1.982	917.518	-0.790
1.581	-0.152	20.639	0.950	1.990	923.611	-0.790
1.582	-0.152	20.633	0.950	1.990	929.703	-0.789
1.584	-0.152	20.645	0.926	1.990	935.795	-0.790
1.586	-0.146	20.639	0.942	1.990	933.358	-0.790
1.587	-0.146	20.645	0.926	1.990	937.014	-0.791
1.589	-0.146	20.627	0.917	1.990	933.358	-0.790
1.590	-0.152	20.651	0.909	1.990	930.922	-0.790
1.592	-0.146	20.633	0.934	1.999	929.703	-0.790
1.594	-0.158	20.639	0.934	1.990	928.485	-0.790
1.595	-0.146	20.639	0.926	1.990	927.266	-0.790
1.597	-0.134	20.651	0.917	1.982	924.829	-0.789
1.598	-0.140	20.651	0.909	1.990	922.392	-0.790
1.600	-0.152	20.639	0.901	1.999	922.392	-0.791
1.602	-0.140	20.651	0.901	1.990	921.174	-0.790
1.603	-0.146	20.633	0.909	1.990	919.955	-0.790
1.605	-0.140	20.651	0.901	1.974	917.518	-0.789
1.606	-0.152	20.639	0.885	1.990	916.300	-0.790
1.608	-0.146	20.658	0.885	1.999	916.300	-0.790
1.610	-0.140	20.645	0.876	1.999	916.300	-0.789
1.611	-0.140	20.658	0.885	1.982	917.518	-0.787
1.613	-0.134	20.645	0.876	1.974	924.829	-0.790
1.614	-0.140	20.651	0.868	1.982	930.922	-0.789
1.616	-0.140	20.645	0.860	1.990	935.795	-0.789
1.618	-0.140	20.645	0.876	1.990	937.014	-0.790
1.619	-0.140	20.645	0.868	1.982	934.577	-0.787
1.621	-0.140	20.658	0.844	1.990	934.577	-0.786
1.622	-0.140	20.664	0.852	1.982	933.358	-0.789
1.624	-0.140	20.645	0.860	1.990	930.922	-0.787
1.626	-0.128	20.651	0.852	1.990	928.485	-0.787
1.627	-0.134	20.639	0.852	1.990	928.485	-0.787
1.629	-0.134	20.645	0.844	1.999	927.266	-0.790
1.630	-0.140	20.633	0.835	2.007	926.048	-0.789
1.632	-0.134	20.645	0.827	1.982	922.392	-0.786
1.634	-0.128	20.627	0.827	1.982	922.392	-0.789
1.635	-0.128	20.639	0.835	1.990	919.955	-0.789
1.637	-0.323	20.627	0.835	1.974	918.737	-0.787
1.638	45.991	20.645	0.885	1.982	917.518	-0.789
1.640	49.425	20.645	0.983	1.982	906.552	-0.790
1.642	49.607	20.645	1.073	1.982	912.644	-0.789
1.643	49.638	20.633	1.147	1.982	919.955	-0.787
1.645	49.644	20.627	1.212	1.990	926.048	-0.789
1.646	49.638	20.645	1.286	1.982	930.922	-0.790
1.648	49.644	20.621	1.368	1.990	938.232	-0.789
1.650	49.644	20.639	1.433	1.990	935.795	-0.789
1.651	49.644	20.621	1.491	1.990	932.140	-0.789
1.653	49.644	20.633	1.532	1.982	932.140	-0.789
1.654	49.638	20.621	1.597	1.982	928.485	-0.790
1.656	49.632	20.645	1.655	1.990	933.358	-0.787
1.658	49.638	20.639	1.687	1.999	929.703	-0.789
1.659	49.638	20.651	1.720	1.990	926.048	-0.790
1.661	49.620	20.645	1.769	1.990	926.048	-0.787
1.662	49.626	20.639	1.818	1.982	923.611	-0.789
1.664	49.626	20.651	1.843	1.990	921.174	-0.789
1.666	49.626	20.627	1.892	1.999	919.955	-0.789
1.667	49.620	20.639	1.925	1.990	917.518	-0.789
1.669	49.620	20.621	1.966	1.982	918.737	-0.789
1.670	49.620	20.639	2.015	1.990	915.081	-0.787
1.672	49.607	20.621	2.040	1.974	913.863	-0.787
1.674	49.601	20.633	2.064	1.982	916.300	-0.790
1.675	49.607	20.615	2.105	1.982	921.174	-0.789
1.677	49.601	20.627	2.121	1.999	926.048	-0.787
1.678	49.601	20.621	2.162	1.990	930.922	-0.786
1.680	49.607	20.627	2.179	1.982	937.014	-0.789
1.682	49.595	20.633	2.203	1.982	935.795	-0.787
1.683	49.595	20.627	2.228	1.990	935.795	-0.789
1.685	49.583	20.633	2.253	1.982	933.358	-0.787
1.686	49.583	20.633	2.269	1.982	932.140	-0.787
1.688	49.589	20.645	2.310	1.990	930.922	-0.789
1.690	49.583	20.633	2.334	1.990	927.266	-0.789
1.691	49.583	20.658	2.351	1.974	927.266	-0.789
1.693	49.571	20.633	2.367	1.990	926.048	-0.789
1.694	49.565	20.658	2.384	1.999	923.611	-0.789
1.696	49.565	20.651	2.416	1.990	922.392	-0.789
1.698	49.577	20.651	2.433	1.982	921.174	-0.790
1.699	49.540	20.645	2.441	1.990	919.955	-0.789
1.701	49.528	20.645	2.474	1.990	917.518	-0.789
1.702	49.553	20.639	2.498	1.982	917.518	-0.789
1.704	49.540	20.621	2.531	1.999	913.863	-0.790
1.706	49.547	20.639	2.547	1.999	917.518	-0.787
1.707	49.540	20.615	2.564	1.990	922.392	-0.790
1.709	49.540	20.639	2.580	1.982	928.485	-0.787
1.710	49.534	20.621	2.597	1.990	932.140	-0.789
1.712	49.534	20.627	2.605	1.982	935.795	-0.789
1.714	49.534	20.615	2.613	1.990	933.358	-0.790
1.715	49.528	20.621	2.646	1.982	934.577	-0.790
1.717	49.528	20.633	2.654	1.990	930.922	-0.790
1.718	49.510	20.627	2.662	1.974	929.703	-0.791
1.720	49.516	20.621	2.687	1.990	929.703	-0.790
1.722	49.522	20.627	2.687	1.990	927.266	-0.791
1.723	49.516	20.621	2.711	1.982	924.829	-0.790
1.725	49.510	20.621	2.736	1.982	926.048	-0.792
1.726	49.504	20.633	2.736	1.982	922.392	-0.792
1.728	49.498	20.603	2.760	1.990	919.955	-0.791
1.730	49.492	20.645	2.769	1.999	918.737	-0.791
1.731	49.492	20.615	2.785	1.982	918.737	-0.791
1.733	49.492	20.633	2.793	1.990	916.300	-0.790
1.734	49.486	20.621	2.818	1.990	916.300	-0.792
1.736	49.480	20.627	2.826	1.990	919.955	-0.791
1.738	49.473	20.621	2.859	1.982	916.300	-0.791
1.739	49.480	20.639	2.859	1.990	924.829	-0.791
1.741	49.467	20.633	2.875	1.990	929.703	-0.791
1.742	49.467	20.633	2.891	1.990	933.358	-0.792
1.744	49.467	20.633	2.900	1.990	937.014	-0.790
1.746	49.461	20.615	2.908	1.982	934.577	-0.792
1.747	49.461	20.633	2.932	1.990	933.358	-0.790
1.749	49.455	20.621	2.949	1.982	933.358	-0.791
1.750	49.461	20.639	2.957	1.990	932.140	-0.792
1.752	49.449	20.621	2.973	1.990	930.922	-0.791
1.754	49.449	20.615	2.990	1.990	928.485	-0.791
1.755	49.449	20.621	3.006	1.990	927.266	-0.792
1.757	49.437	20.627	3.014	1.982	927.266	-0.791
1.758	49.437	20.627	3.039	1.974	922.392	-0.792
1.760	49.437	20.627	3.022	1.982	922.392	-0.792
1.762	49.431	20.633	3.047	1.974	921.174	-0.792
1.763	49.425	20.627	3.055	1.990	919.955	-0.792
1.765	49.419	20.627	3.080	1.990	918.737	-0.792
1.766	49.425	20.609	3.096	1.982	912.644	-0.793
1.768	49.413	20.627	3.096	1.990	912.644	-0.795
1.770	49.413	20.603	3.121	1.966	918.737	-0.793
1.771	49.407	20.621	3.129	1.982	924.829	-0.793
1.773	49.394	20.597	3.145	1.990	930.922	-0.793
1.774	49.400	20.609	3.154	1.990	933.358	-0.792
1.776	49.400	20.603	3.154	1.974	935.795	-0.792
1.778	49.394	20.597	3.170	1.990	932.140	-0.793
1.779	49.400	20.609	3.186	1.982	933.358	-0.795
1.781	49.394	20.597	3.186	1.990	930.922	-0.791
1.782	49.394	20.603	3.211	1.990	924.829	-0.796
1.784	49.376	20.591	3.227	1.982	929.703	-0.793
1.786	49.382	20.609	3.235	1.982	928.485	-0.792
1.787	49.370	20.578	3.244	1.982	924.829	-0.793
1.789	49.370	20.603	3.276	1.982	922.392	-0.795
1.790	49.364	20.585	3.285	1.990	922.392	-0.792
1.792	49.370	20.591	3.293	1.999	921.174	-0.795
1.794	49.370	20.585	3.317	1.982	919.955	-0.792
1.795	49.358	20.585	3.317	1.999	918.737	-0.793
1.797	49.358	20.578	3.342	1.982	917.518	-0.793
1.798	49.352	20.578	3.342	1.982	915.081	-0.795
1.800	49.346	20.597	3.358	1.990	915.081	-0.795
1.802	49.352	20.578	3.383	1.982	918.737	-0.795
1.803	49.352	20.591	3.391	1.982	926.048	-0.793
1.805	49.333	20.572	3.407	1.990	930.922	-0.793
1.806	49.333	20.591	3.399	1.982	934.577	-0.793
1.808	49.333	20.566	3.432	1.982	937.014	-0.793
1.810	49.327	20.578	3.432	1.990	935.795	-0.793
1.811	49.315	20.560	3.457	1.990	933.358	-0.795
1.813	49.327	20.578	3.465	1.990	929.703	-0.793
1.814	49.321	20.566	3.498	1.982	929.703	-0.793
1.816	49.321	20.578	3.489	1.982	930.922	-0.792
1.818	49.315	20.572	3.498	1.990	928.485	-0.793
1.819	49.309	20.560	3.514	1.990	926.048	-0.792
1.821	49.309	20.572	3.538	1.990	924.829	-0.792
1.822	49.303	20.560	3.522	1.990	923.611	-0.791
1.824	49.303	20.566	3.555	1.982	921.174	-0.793
1.826	49.297	20.560	3.571	1.982	918.737	-0.793
1.827	49.291	20.572	3.579	1.990	917.518	-0.793
1.829	49.291	20.554	3.588	1.990	916.300	-0.793
1.830	49.285	20.554	3.596	1.982	912.644	-0.793
1.832	49.285	20.548	3.612	1.990	915.081	-0.792
1.834	49.285	20.560	3.629	1.999	922.392	-0.793
1.835	49.279	20.554	3.645	1.990	927.266	-0.793
1.837	49.273	20.536	3.678	1.999	930.922	-0.792
1.838	49.279	20.548	3.678	1.982	935.795	-0.793
1.840	49.266	20.542	3.678	1.982	934.577	-0.792
1.842	48.828	20.548	3.694	1.982	932.140	-0.793
1.843	2.545	20.518	3.629	1.982	929.703	-0.796
1.845	-0.073	20.548	3.448	1.990	933.358	-0.792
1.846	-0.213	20.511	3.301	1.982	930.922	-0.795
1.848	-0.225	20.524	3.162	1.990	927.266	-0.796
1.850	-0.225	20.518	3.022	1.990	926.048	-0.793
1.851	-0.225	20.499	2.916	1.982	923.611	-0.795
1.853	-0.231	20.505	2.809	1.990	923.611	-0.793
1.854	-0.231	20.505	2.719	1.990	921.174	-0.793
1.856	-0.231	20.511	2.621	1.982	921.174	-0.795
1.858	-0.231	20.505	2.523	1.982	919.955	-0.793
1.859	-0.231	20.505	2.441	1.990	917.518	-0.793
1.861	-0.225	20.487	2.384	1.982	916.300	-0.795
1.862	-0.219	20.518	2.310	1.974	916.300	-0.795
1.864	-0.225	20.493	2.244	1.982	916.300	-0.792
1.866	-0.219	20.505	2.179	1.990	922.392	-0.795
1.867	-0.225	20.481	2.113	1.990	924.829	-0.795
1.869	-0.219	20.499	2.072	1.990	933.358	-0.793
1.870	-0.213	20.499	1.999	1.990	939.451	-0.793
1.872	-0.219	20.481	1.949	1.990	935.795	-0.793
1.874	-0.213	20.481	1.925	1.990	933.358	-0.793
1.875	-0.219	20.469	1.876	1.990	933.358	-0.792
1.877	-0.219	20.487	1.835	1.990	932.140	-0.795
1.878	-0.213	20.469	1.794	1.982	929.703	-0.792
1.880	-0.219	20.481	1.745	1.990	929.703	-0.793
1.882	-0.219	20.457	1.728	1.982	926.048	-0.792
1.883	-0.213	20.475	1.687	1.990	924.829	-0.793
1.885	-0.195	20.463	1.646	1.990	926.048	-0.792
1.886	-0.213	20.463	1.630	1.990	923.611	-0.795
1.888	-0.213	20.463	1.589	1.990	921.174	-0.792
1.890	-0.213	20.451	1.556	1.990	918.737	-0.793
1.891	-0.213	20.451	1.548	1.982	918.737	-0.795
1.893	-0.207	20.444	1.515	1.990	917.518	-0.795
1.894	-0.213	20.451	1.491	1.982	915.081	-0.795
1.896	-0.201	20.432	1.458	1.982	916.300	-0.793
1.898	-0.213	20.432	1.458	1.982	922.392	-0.795
1.899	-0.201	20.414	1.442	1.990	930.922	-0.795
1.901	-0.195	20.426	1.417	1.990	934.577	-0.793
1.902	-0.201	20.402	1.401	1.990	935.795	-0.793
1.904	-0.201	20.426	1.376	1.990	935.795	-0.793
1.906	-0.195	20.408	1.360	1.990	932.140	-0.793
1.907	-0.201	20.408	1.352	1.982	932.140	-0.795
1.909	-0.201	20.414	1.327	1.982	929.703	-0.796
1.910	-0.201	20.390	1.319	1.990	928.485	-0.793
1.912	-0.189	20.408	1.302	1.990	927.266	-0.795
1.914	-0.189	20.384	1.294	1.982	926.048	-0.793
1.915	-0.189	20.402	1.270	1.990	923.611	-0.795
1.917	-0.189	20.378	1.261	1.990	922.392	-0.792
1.918	-0.189	20.390	1.245	1.999	921.174	-0.795
1.920	-0.195	20.378	1.237	1.982	918.737	-0.793
1.922	-0.189	20.384	1.237	1.999	918.737	-0.793
1.923	-0.183	20.378	1.220	1.999	915.081	-0.795
1.925	-0.177	20.359	1.220	1.999	915.081	-0.793
1.926	-0.189	20.378	1.179	1.990	922.392	-0.792
1.928	-0.177	20.353	1.179	1.999	916.300	-0.795
1.930	-0.183	20.365	1.163	1.999	924.829	-0.792
1.931	-0.183	20.341	1.171	1.999	928.485	-0.793
1.933	-0.189	20.353	1.163	1.999	935.795	-0.792
1.934	-0.183	20.335	1.155	1.999	937.014	-0.791
1.936	-0.183	20.341	1.139	1.990	935.795	-0.792
1.938	-0.183	20.335	1.139	1.990	933.358	-0.792
1.939	-0.183	20.329	1.130	1.999	933.358	-0.791
1.941	-0.177	20.335	1.114	1.999	930.922	-0.792
1.942	-0.183	20.323	1.106	1.990	929.703	-0.792
1.944	-0.183	20.341	1.114	1.990	926.048	-0.792
1.946	-0.177	20.329	1.106	1.999	926.048	-0.790
1.947	-0.177	20.341	1.098	1.990	926.048	-0.792
1.949	-0.177	20.323	1.098	1.999	923.611	-0.792
1.950	-0.170	20.347	1.089	1.990	922.392	-0.792
1.952	-0.177	20.323	1.073	2.007	921.174	-0.792
1.954	-0.170	20.323	1.065	1.999	918.737	-0.792
1.955	-0.177	20.317	1.065	1.990	917.518	-0.791
1.957	-0.164	20.292	1.057	1.999	912.644	-0.792
1.958	-0.170	20.298	1.057	1.990	915.081	-0.793
1.960	-0.170	20.274	1.040	1.990	922.392	-0.792
1.962	-0.177	20.280	1.048	1.999	924.829	-0.792
1.963	-0.164	20.250	1.032	1.999	930.922	-0.792
1.965	-0.177	20.256	1.048	1.990	937.014	-0.793
1.966	-0.164	20.231	1.016	1.982	935.795	-0.792
1.968	-0.170	20.237	1.007	1.990	933.358	-0.792
1.970	-0.170	20.225	1.007	1.999	934.577	-0.789
1.971	-0.177	20.213	1.007	1.999	932.140	-0.791
1.973	-0.164	20.207	0.999	1.999	924.829	-0.795
1.974	-0.158	20.195	0.991	1.999	929.703	-0.793
1.976	-0.158	20.207	0.991	1.999	928.485	-0.792
1.978	-0.158	20.183	0.999	1.990	924.829	-0.791
1.979	-0.164	20.195	0.975	1.990	922.392	-0.791
1.981	-0.164	20.171	0.983	1.999	922.392	-0.790
1.982	-0.164	20.183	0.967	1.999	918.737	-0.791
1.984	-0.152	20.158	0.958	1.999	919.955	-0.790
1.986	-0.152	20.158	0.958	1.999	918.737	-0.790
1.987	-0.164	20.158	0.950	2.007	917.518	-0.791
1.989	-0.158	20.152	0.967	1.999	915.081	-0.791
1.990	-0.152	20.146	0.950	1.999	915.081	-0.791
1.992	-0.152	20.116	0.950	1.999	919.955	-0.789
1.994	-0.158	20.122	0.934	1.999	924.829	-0.790
1.995	-0.152	20.097	0.934	1.999	930.922	-0.791
1.997	-0.152	20.122	0.934	1.999	935.795	-0.791
1.998	-0.146	20.091	0.934	1.999	937.014	-0.790
2.000	-0.152	20.110	0.926	1.999	935.795	-0.790
2.002	-0.152	20.097	0.917	1.990	935.795	-0.789
2.003	-0.152	20.073	0.917	1.990	930.922	-0.790
2.005	-0.146	20.085	0.934	2.007	929.703	-0.791
2.006	-0.140	20.061	0.917	2.007	929.703	-0.789
2.008	-0.146	20.073	0.917	2.023	927.266	-0.791
2.010	-0.152	20.037	0.901	1.999	924.829	-0.786
2.011	-0.146	20.049	0.901	1.999	924.829	-0.790
2.013	-0.146	20.024	0.901	2.007	924.829	-0.790
2.014	-0.146	20.043	0.901	2.015	921.174	-0.789
2.016	-0.146	20.030	0.901	1.990	918.737	-0.789
2.018	-0.140	20.030	0.885	1.999	918.737	-0.790
2.019	-0.140	20.037	0.876	1.999	917.518	-0.790
2.021	-0.146	20.012	0.885	1.990	912.644	-0.790
2.022	-0.140	20.006	0.885	2.007	915.081	-0.789
2.024	-0.140	19.976	0.868	2.015	921.174	-0.790
2.026	-0.140	19.982	0.876	2.023	926.048	-0.790
2.027	-0.140	19.964	0.860	2.007	932.140	-0.792
2.029	-0.146	19.933	0.868	2.015	937.014	-0.790
2.030	-0.134	19.933	0.860	2.015	933.358	-0.789
2.032	-0.140	19.897	0.868	2.007	934.577	-0.790
2.034	-0.140	19.939	0.860	2.007	932.140	-0.789
2.035	-0.140	19.939	0.844	2.023	929.703	-0.790
2.037	-0.134	19.964	0.852	1.999	929.703	-0.789
2.038	-0.134	20.073	0.844	2.015	927.266	-0.790
2.040	-0.128	20.177	0.827	1.999	926.048	-0.789
2.042	-0.134	20.280	0.827	2.015	924.829	-0.791
2.043	-0.122	20.353	0.827	2.007	922.392	-0.791
2.045	-0.134	20.426	0.827	2.015	921.174	-0.787
2.046	-0.329	20.518	0.811	2.015	919.955	-0.789
2.048	46.247	20.597	0.868	2.015	918.737	-0.790
2.050	49.437	20.651	0.975	2.015	915.081	-0.790
2.051	49.607	20.718	1.065	2.007	916.300	-0.790
2.053	49.632	20.779	1.155	2.007	918.737	-0.789
2.054	49.638	20.822	1.229	2.007	916.300	-0.790
2.056	49.656	20.877	1.302	2.007	921.174	-0.791
2.058	49.638	20.932	1.360	2.015	926.048	-0.789
2.059	49.638	20.980	1.433	2.007	934.577	-0.789
2.061	49.638	21.017	1.483	2.007	937.014	-0.787
2.062	49.638	21.053	1.556	1.999	934.577	-0.791
2.064	49.638	21.090	1.614	2.015	934.577	-0.790
2.066	49.632	21.126	1.646	2.015	930.922	-0.789
2.067	49.626	21.145	1.696	1.999	932.140	-0.789
2.069	49.632	21.151	1.753	2.015	929.703	-0.789
2.070	49.632	21.157	1.786	2.007	929.703	-0.790
2.072	49.620	21.139	1.827	2.007	928.485	-0.787
2.074	49.632	21.151	1.868	1.990	924.829	-0.790
2.075	49.626	21.126	1.908	1.999	923.611	-0.789
2.077	49.620	21.114	1.941	1.999	924.829	-0.787
2.078	49.614	21.114	1.974	1.999	919.955	-0.791
2.080	49.607	21.084	2.007	2.007	918.737	-0.789
2.082	49.614	21.090	2.023	1.990	918.737	-0.790
2.083	49.607	21.059	2.080	1.990	916.300	-0.790
2.085	49.607	21.072	2.113	2.007	915.081	-0.787
2.086	49.601	21.059	2.146	1.999	918.737	-0.790
2.088	49.601	21.053	2.162	1.999	922.392	-0.790
2.090	49.595	21.035	2.195	1.999	928.485	-0.789
2.091	49.595	21.029	2.220	1.999	935.795	-0.790
2.093	49.589	21.017	2.253	1.999	937.014	-0.789
2.094	49.583	20.986	2.261	1.990	934.577	-0.791
2.096	49.589	20.992	2.293	1.999	932.140	-0.790
2.098	49.583	20.968	2.318	1.999	932.140	-0.789
2.099	49.577	20.968	2.326	2.007	930.922	-0.791
2.101	49.577	20.950	2.351	1.982	929.703	-0.790
2.102	49.565	20.938	2.375	1.999	926.048	-0.790
2.104	49.565	20.919	2.400	1.999	924.829	-0.790
2.106	49.565	20.919	2.416	1.999	923.611	-0.791
2.107	49.565	20.913	2.441	1.999	921.174	-0.790
2.109	49.534	20.889	2.465	1.990	919.955	-0.789
2.110	49.540	20.901	2.506	2.007	919.955	-0.790
2.112	49.547	20.871	2.515	1.990	917.518	-0.789
2.114	49.547	20.871	2.523	1.990	915.081	-0.790
2.115	49.540	20.846	2.564	1.990	915.081	-0.791
2.117	49.534	20.840	2.572	1.999	921.174	-0.791
2.118	49.540	20.828	2.580	1.990	917.518	-0.790
2.120	49.534	20.816	2.613	1.999	922.392	-0.791
2.122	49.534	20.816	2.621	1.990	929.703	-0.790
2.123	49.534	20.792	2.637	2.007	937.014	-0.789
2.125	49.528	20.792	2.670	1.999	938.232	-0.790
2.126	49.516	20.773	2.678	2.007	934.577	-0.790
2.128	49.516	20.767	2.678	1.999	932.140	-0.789
2.130	49.516	20.743	2.695	1.999	932.140	-0.791
2.131	49.516	20.749	2.719	1.999	933.358	-0.790
2.133	49.510	20.725	2.736	1.990	929.703	-0.790
2.134	49.504	20.718	2.760	1.999	927.266	-0.787
2.136	49.504	20.706	2.752	1.999	928.485	-0.789
2.138	49.498	20.682	2.769	1.990	927.266	-0.790
2.139	49.504	20.694	2.785	1.990	923.611	-0.790
2.141	49.492	20.658	2.818	1.999	923.611	-0.790
2.142	49.486	20.651	2.842	1.990	921.174	-0.791
2.144	49.486	20.627	2.842	1.990	918.737	-0.791
2.146	49.480	20.633	2.850	1.990	917.518	-0.790
2.147	49.486	20.621	2.867	1.999	911.426	-0.790
2.149	49.480	20.603	2.875	1.990	912.644	-0.791
2.150	49.467	20.603	2.891	2.007	919.955	-0.791
2.152	49.467	20.572	2.916	1.999	924.829	-0.791
2.154	49.461	20.585	2.916	2.007	930.922	-0.791
2.155	49.461	20.554	2.932	1.999	937.014	-0.792
2.157	49.455	20.560	2.949	1.990	935.795	-0.790
2.158	49.461	20.530	2.973	2.007	932.140	-0.792
2.160	49.449	20.530	2.981	1.982	933.358	-0.792
2.162	49.449	20.518	2.990	2.007	929.703	-0.791
2.163	49.443	20.511	2.990	1.990	928.485	-0.790
2.165	49.449	20.505	3.014	2.007	927.266	-0.792
2.166	49.437	20.475	3.047	1.999	926.048	-0.791
2.168	49.443	20.487	3.031	1.999	924.829	-0.792
2.170	49.431	20.457	3.047	2.015	923.611	-0.793
2.171	49.431	20.463	3.072	2.007	921.174	-0.793
2.173	49.425	20.438	3.088	1.999	921.174	-0.791
2.174	49.419	20.457	3.088	1.990	917.518	-0.793
2.176	49.425	20.438	3.088	1.999	918.737	-0.791
2.178	49.413	20.451	3.129	1.990	915.081	-0.791
2.179	49.413	20.444	3.129	2.007	912.644	-0.793
2.181	49.407	20.438	3.137	1.999	915.081	-0.793
2.182	49.407	20.432	3.162	1.999	918.737	-0.792
2.184	49.407	20.420	3.170	2.007	927.266	-0.792
2.186	49.394	20.426	3.186	1.990	930.922	-0.791
2.187	49.388	20.402	3.203	2.015	935.795	-0.793
2.189	49.394	20.402	3.211	1.999	935.795	-0.791
2.190	49.388	20.390	3.211	1.990	935.795	-0.792
2.192	49.388	20.384	3.244	1.999	932.140	-0.790
2.194	49.376	20.371	3.252	2.007	932.140	-0.791
2.195	49.376	20.359	3.260	2.007	930.922	-0.792
2.197	49.370	20.365	3.276	2.007	928.485	-0.791
2.198	49.358	20.341	3.293	1.999	926.048	-0.795
2.200	49.364	20.353	3.293	1.999	926.048	-0.791
2.202	49.364	20.317	3.317	1.982	924.829	-0.793
2.203	49.358	20.335	3.326	1.999	923.611	-0.795
2.205	49.358	20.311	3.334	2.007	923.611	-0.791
2.206	49.358	20.335	3.358	1.999	919.955	-0.795
2.208	49.352	20.317	3.350	2.007	918.737	-0.793
2.210	49.346	20.341	3.366	1.999	916.300	-0.793
2.211	49.327	20.323	3.399	1.999	913.863	-0.792
2.213	49.340	20.335	3.399	2.015	916.300	-0.795
2.214	49.333	20.335	3.424	2.007	921.174	-0.793
2.216	49.333	20.311	3.432	2.007	927.266	-0.795
2.218	49.333	20.317	3.440	1.999	932.140	-0.795
2.219	49.327	20.286	3.465	2.007	935.795	-0.793
2.221	49.333	20.311	3.481	1.999	934.577	-0.793
2.222	49.321	20.280	3.465	1.990	932.140	-0.797
2.224	49.315	20.298	3.489	1.999	932.140	-0.793
2.226	49.315	20.280	3.489	1.999	930.922	-0.795
2.227	49.309	20.292	3.514	1.999	929.703	-0.797
2.229	49.309	20.286	3.530	2.007	926.048	-0.795
2.230	49.297	20.274	3.530	2.007	924.829	-0.793
2.232	49.303	20.286	3.555	1.999	926.048	-0.796
2.234	49.291	20.274	3.579	2.007	924.829	-0.796
2.235	49.297	20.286	3.588	2.007	921.174	-0.796
2.237	49.291	20.274	3.579	1.999	922.392	-0.795
2.238	49.279	20.292	3.612	2.007	918.737	-0.797
2.240	49.285	20.268	3.629	1.999	916.300	-0.795
2.242	49.291	20.280	3.629	1.999	915.081	-0.795
2.243	49.273	20.268	3.653	1.999	919.955	-0.795
2.245	49.273	20.268	3.661	2.007	917.518	-0.793
2.246	49.279	20.268	3.678	2.015	923.611	-0.796
2.248	49.266	20.268	3.694	2.007	927.266	-0.795
2.250	49.260	20.280	3.702	2.007	932.140	-0.796
2.251	48.213	20.262	3.719	2.015	932.140	-0.797
2.253	2.356	20.268	3.637	1.999	934.577	-0.796
2.254	-0.073	20.244	3.465	2.007	938.232	-0.792
2.256	-0.207	20.268	3.326	2.015	933.358	-0.793
2.258	-0.225	20.237	3.186	2.007	933.358	-0.793
2.259	-0.231	20.262	3.047	2.015	929.703	-0.792
2.261	-0.237	20.250	2.941	2.007	928.485	-0.793
2.262	-0.237	20.262	2.818	2.015	926.048	-0.796
2.264	-0.225	20.256	2.728	1.999	926.048	-0.793
2.266	-0.237	20.268	2.629	2.007	923.611	-0.795
2.267	-0.231	20.262	2.556	2.023	923.611	-0.796
2.269	-0.231	20.268	2.465	2.007	921.174	-0.795
2.270	-0.219	20.268	2.384	2.015	918.737	-0.795
2.272	-0.231	20.262	2.310	1.999	918.737	-0.795
2.274	-0.219	20.274	2.253	2.007	917.518	-0.795
2.275	-0.225	20.256	2.179	2.007	915.081	-0.795
2.277	-0.225	20.268	2.130	2.007	917.518	-0.795
2.278	-0.219	20.250	2.080	1.999	923.611	-0.797
2.280	-0.225	20.274	2.007	2.015	930.922	-0.795
2.282	-0.213	20.250	1.982	2.007	934.577	-0.796
2.283	-0.219	20.286	1.917	2.007	935.795	-0.797
2.285	-0.213	20.274	1.876	2.015	934.577	-0.793
2.286	-0.207	20.268	1.843	2.015	933.358	-0.795
2.288	-0.213	20.286	1.802	2.015	932.140	-0.795
2.290	-0.207	20.280	1.761	2.007	930.922	-0.797
2.291	-0.219	20.298	1.720	2.015	927.266	-0.797
2.293	-0.207	20.274	1.687	2.007	927.266	-0.795
2.294	-0.207	20.298	1.663	2.023	927.266	-0.796
2.296	-0.219	20.274	1.622	2.015	923.611	-0.796
2.298	-0.213	20.292	1.597	2.015	923.611	-0.796
2.299	-0.207	20.280	1.564	2.007	921.174	-0.795
2.301	-0.201	20.317	1.548	2.015	918.737	-0.793
2.302	-0.201	20.292	1.532	2.015	916.300	-0.795
2.304	-0.201	20.311	1.491	2.015	917.518	-0.795
2.306	-0.207	20.304	1.458	2.015	915.081	-0.792
2.307	-0.201	20.311	1.458	2.023	919.955	-0.795
2.309	-0.207	20.317	1.433	2.015	917.518	-0.793
2.310	-0.207	20.304	1.409	2.015	922.392	-0.796
2.312	-0.207	20.317	1.401	2.023	929.703	-0.793
2.314	-0.201	20.304	1.392	2.007	933.358	-0.793
2.315	-0.195	20.329	1.384	2.015	935.795	-0.793
2.317	-0.213	20.304	1.352	2.015	935.795	-0.795
2.318	-0.201	20.329	1.343	2.023	934.577	-0.795
2.320	-0.201	20.317	1.327	2.015	933.358	-0.796
2.322	-0.189	20.329	1.327	2.007	930.922	-0.793
2.323	-0.201	20.323	1.311	2.015	929.703	-0.793
2.325	-0.189	20.347	1.286	2.015	928.485	-0.792
2.326	-0.189	20.335	1.270	2.007	924.829	-0.793
2.328	-0.189	20.335	1.270	2.023	924.829	-0.793
2.330	-0.189	20.353	1.245	2.015	923.611	-0.793
2.331	-0.189	20.335	1.237	2.015	921.174	-0.793
2.333	-0.195	20.353	1.220	2.040	919.955	-0.793
2.334	-0.189	20.335	1.220	2.023	915.081	-0.793
2.336	-0.183	20.353	1.196	2.015	918.737	-0.793
2.338	-0.189	20.329	1.188	2.015	911.426	-0.793
2.339	-0.183	20.365	1.171	2.015	913.863	-0.792
2.341	-0.189	20.335	1.179	2.023	919.955	-0.793
2.342	-0.177	20.365	1.171	2.023	923.611	-0.795
2.344	-0.183	20.347	1.155	2.023	930.922	-0.795
2.346	-0.183	20.359	1.147	2.023	935.795	-0.792
2.347	-0.177	20.359	1.130	2.031	934.577	-0.795
2.349	-0.183	20.371	1.130	2.015	934.577	-0.793
2.350	-0.183	20.384	1.130	2.023	932.140	-0.795
2.352	-0.189	20.359	1.114	2.007	930.922	-0.792
2.354	-0.177	20.384	1.106	2.023	927.266	-0.793
2.355	-0.170	20.371	1.098	2.015	927.266	-0.793
2.357	-0.177	20.396	1.098	2.007	927.266	-0.793
2.358	-0.170	20.365	1.089	2.015	926.048	-0.793
2.360	-0.177	20.396	1.089	2.023	923.611	-0.793
2.362	-0.183	20.384	1.081	2.031	922.392	-0.795
2.363	-0.177	20.402	1.089	2.023	918.737	-0.792
2.365	-0.177	20.402	1.081	2.015	919.955	-0.792
2.366	-0.170	20.408	1.073	2.023	917.518	-0.793
2.368	-0.170	20.408	1.057	2.031	917.518	-0.792
2.370	-0.170	20.414	1.048	2.023	916.300	-0.793
2.371	-0.170	20.420	1.040	2.023	916.300	-0.793
2.373	-0.177	20.402	1.032	2.023	921.174	-0.792
2.374	-0.164	20.420	1.024	2.015	926.048	-0.792
2.376	-0.170	20.408	1.016	2.031	933.358	-0.790
2.378	-0.170	20.420	1.024	2.023	938.232	-0.792
2.379	-0.164	20.396	1.024	2.023	935.795	-0.792
2.381	-0.164	20.420	1.007	2.015	933.358	-0.790
2.382	-0.164	20.402	1.016	2.023	932.140	-0.790
2.384	-0.164	20.408	0.999	2.015	932.140	-0.791
2.386	-0.170	20.414	1.007	2.023	929.703	-0.791
2.387	-0.164	20.438	1.007	2.015	927.266	-0.790
2.389	-0.170	20.438	0.983	2.023	928.485	-0.791
2.390	-0.164	20.444	0.983	2.015	926.048	-0.790
2.392	-0.170	20.444	0.991	2.031	926.048	-0.790
2.394	-0.152	20.438	0.983	2.031	923.611	-0.791
2.395	-0.158	20.457	0.983	2.031	919.955	-0.792
2.397	-0.164	20.438	0.967	2.015	921.174	-0.790
2.398	-0.152	20.463	0.967	2.023	918.737	-0.790
2.400	-0.158	20.438	0.958	2.023	916.300	-0.791
2.402	-0.152	20.469	0.967	2.031	910.207	-0.790
2.403	-0.158	20.444	0.950	2.023	915.081	-0.792
2.405	-0.158	20.469	0.942	2.023	921.174	-0.790
2.406	-0.152	20.463	0.950	2.023	926.048	-0.791
2.408	-0.146	20.475	0.950	2.031	933.358	-0.790
2.410	-0.152	20.475	0.942	2.023	937.014	-0.789
2.411	-0.146	20.469	0.934	2.015	934.577	-0.790
2.413	-0.140	20.487	0.934	2.023	932.140	-0.789
2.414	-0.146	20.469	0.926	2.023	932.140	-0.791
2.416	-0.146	20.493	0.917	2.015	930.922	-0.789
2.418	-0.158	20.481	0.909	2.031	930.922	-0.790
2.419	-0.146	20.487	0.909	2.023	928.485	-0.790
2.421	-0.152	20.469	0.893	2.023	927.266	-0.789
2.422	-0.146	20.487	0.917	2.023	924.829	-0.790
2.424	-0.146	20.475	0.909	2.015	924.829	-0.790
2.426	-0.140	20.487	0.901	2.015	921.174	-0.791
2.427	-0.146	20.487	0.901	2.023	919.955	-0.790
2.429	-0.140	20.499	0.909	2.023	918.737	-0.790
2.430	-0.140	20.499	0.876	2.031	918.737	-0.790
2.432	-0.134	20.493	0.893	2.015	915.081	-0.790
2.434	-0.140	20.499	0.876	2.023	917.518	-0.790
2.435	-0.134	20.487	0.860	2.031	916.300	-0.789
2.437	-0.134	20.518	0.860	2.031	921.174	-0.790
2.438	-0.146	20.499	0.860	2.023	926.048	-0.789
2.440	-0.146	20.518	0.860	2.023	933.358	-0.789
2.442	-0.140	20.505	0.868	2.023	935.795	-0.789
2.443	-0.140	20.524	0.852	2.023	934.577	-0.791
2.445	-0.134	20.511	0.860	2.015	934.577	-0.789
2.446	-0.140	20.530	0.860	2.023	933.358	-0.789
2.448	-0.140	20.518	0.852	2.031	930.922	-0.790
2.450	-0.134	20.530	0.835	2.023	929.703	-0.789
2.451	-0.134	20.530	0.860	2.031	926.048	-0.787
2.453	-0.140	20.524	0.827	2.023	927.266	-0.787
2.454	-0.128	20.536	0.819	2.023	927.266	-0.789
2.456	-0.231	20.542	0.835	2.031	924.829	-0.787
2.458	46.466	20.554	0.868	2.015	922.392	-0.789
2.459	49.437	20.542	0.983	2.023	917.518	-0.791
2.461	49.601	20.560	1.081	2.023	917.518	-0.789
2.462	49.632	20.542	1.163	2.015	917.518	-0.789
2.464	49.638	20.566	1.237	2.015	917.518	-0.787
2.466	49.638	20.542	1.319	2.023	915.081	-0.787
2.467	49.644	20.572	1.384	2.023	915.081	-0.789
2.469	49.638	20.560	1.442	2.023	922.392	-0.789
2.470	49.638	20.560	1.499	2.023	927.266	-0.790
2.472	49.626	20.566	1.556	2.015	934.577	-0.789
2.474	49.638	20.548	1.605	2.015	935.795	-0.790
2.475	49.632	20.554	1.663	2.031	934.577	-0.791
2.477	49.632	20.542	1.704	2.023	933.358	-0.789
2.478	49.632	20.560	1.753	2.015	930.922	-0.790
2.480	49.632	20.548	1.802	2.015	929.703	-0.789
2.482	49.626	20.572	1.827	2.023	930.922	-0.790
2.483	49.620	20.548	1.868	2.023	924.829	-0.790
2.485	49.620	20.566	1.892	2.023	927.266	-0.787
2.486	49.620	20.554	1.933	2.031	923.611	-0.789
2.488	49.607	20.548	1.958	2.023	922.392	-0.790
2.490	49.607	20.554	2.015	2.007	919.955	-0.789
2.491	49.601	20.560	2.048	2.031	919.955	-0.787
2.493	49.607	20.572	2.080	2.023	918.737	-0.789
2.494	49.595	20.566	2.113	2.023	913.863	-0.791
2.496	49.601	20.585	2.154	2.023	916.300	-0.790
2.498	49.601	20.572	2.162	2.023	918.737	-0.789
2.499	49.589	20.578	2.203	2.023	916.300	-0.789
2.501	49.589	20.560	2.236	2.007	922.392	-0.789
2.502	49.589	20.591	2.261	2.023	929.703	-0.789
2.504	49.589	20.578	2.285	2.031	937.014	-0.786
2.506	49.589	20.609	2.326	2.023	935.795	-0.789
2.507	49.577	20.585	2.334	2.023	935.795	-0.787
2.509	49.577	20.603	2.359	2.031	932.140	-0.789
2.510	49.571	20.597	2.367	2.023	932.140	-0.789
2.512	49.577	20.603	2.400	2.023	932.140	-0.789
2.514	49.565	20.609	2.425	2.015	929.703	-0.789
2.515	49.565	20.597	2.441	2.023	927.266	-0.790
2.517	49.559	20.621	2.449	2.023	927.266	-0.790
2.518	49.540	20.597	2.474	2.023	923.611	-0.789
2.520	49.528	20.615	2.506	2.023	923.611	-0.789
2.522	49.534	20.597	2.531	2.023	921.174	-0.790
2.523	49.540	20.615	2.547	2.023	919.955	-0.791
2.525	49.534	20.597	2.572	2.015	919.955	-0.787
2.526	49.540	20.621	2.605	2.007	919.955	-0.787
2.528	49.534	20.603	2.597	2.023	911.426	-0.787
2.530	49.540	20.621	2.621	2.023	913.863	-0.789
2.531	49.522	20.615	2.646	2.015	918.737	-0.791
2.533	49.528	20.609	2.654	2.015	924.829	-0.791
2.534	49.522	20.615	2.654	2.015	930.922	-0.791
2.536	49.522	20.609	2.678	2.023	933.358	-0.790
2.538	49.522	20.621	2.695	2.015	935.795	-0.790
2.539	49.528	20.609	2.711	2.023	933.358	-0.791
2.541	49.516	20.627	2.736	2.023	933.358	-0.792
2.542	49.510	20.597	2.728	2.023	930.922	-0.791
2.544	49.498	20.603	2.752	2.031	924.829	-0.793
2.546	49.498	20.597	2.769	2.015	929.703	-0.789
2.547	49.492	20.609	2.777	2.015	926.048	-0.790
2.549	49.492	20.603	2.801	2.023	924.829	-0.791
2.550	49.492	20.627	2.801	2.031	923.611	-0.791
2.552	49.492	20.621	2.834	2.015	921.174	-0.790
2.554	49.473	20.639	2.850	2.007	919.955	-0.790
2.555	49.492	20.633	2.850	2.015	917.518	-0.792
2.557	49.480	20.645	2.867	2.023	917.518	-0.792
2.558	49.480	20.651	2.883	2.015	916.300	-0.790
2.560	49.473	20.658	2.891	2.015	915.081	-0.791
2.562	49.473	20.664	2.924	2.023	915.081	-0.791
2.563	49.461	20.651	2.916	2.015	918.737	-0.791
2.565	49.461	20.670	2.941	2.023	924.829	-0.792
2.566	49.461	20.645	2.949	2.015	930.922	-0.791
2.568	49.461	20.670	2.965	2.015	935.795	-0.792
2.570	49.461	20.651	2.973	2.015	937.014	-0.791
2.571	49.467	20.670	2.990	2.023	935.795	-0.793
2.573	49.449	20.651	2.998	2.023	932.140	-0.792
2.574	49.443	20.651	3.014	2.015	929.703	-0.790
2.576	49.437	20.658	3.022	2.023	930.922	-0.791
2.578	49.437	20.651	3.039	2.007	926.048	-0.792
2.579	49.437	20.658	3.039	2.015	926.048	-0.792
2.581	49.431	20.645	3.072	2.023	926.048	-0.792
2.582	49.425	20.664	3.072	2.007	923.611	-0.791
2.584	49.425	20.639	3.096	2.023	923.611	-0.790
2.586	49.419	20.651	3.113	2.015	921.174	-0.791
2.587	49.413	20.645	3.104	2.015	919.955	-0.792
2.589	49.413	20.670	3.121	2.015	918.737	-0.791
2.590	49.407	20.658	3.137	2.015	916.300	-0.790
2.592	49.419	20.676	3.154	2.023	911.426	-0.792
2.594	49.407	20.651	3.170	2.007	915.081	-0.791
2.595	49.407	20.658	3.178	2.023	918.737	-0.790
2.597	49.400	20.676	3.186	2.023	927.266	-0.792
2.598	49.394	20.651	3.203	2.015	932.140	-0.792
2.600	49.382	20.664	3.227	2.007	935.795	-0.792
2.602	49.388	20.664	3.227	2.023	933.358	-0.793
2.603	49.382	20.670	3.235	2.023	932.140	-0.793
2.605	49.382	20.651	3.260	2.015	930.922	-0.792
2.606	49.376	20.676	3.260	2.023	930.922	-0.795
2.608	49.376	20.651	3.276	2.015	930.922	-0.792
2.610	49.364	20.670	3.309	2.015	927.266	-0.795
2.611	49.370	20.651	3.309	2.007	926.048	-0.793
2.613	49.358	20.670	3.326	2.015	924.829	-0.793
2.614	49.358	20.670	3.342	2.015	922.392	-0.795
2.616	49.358	20.682	3.350	2.015	921.174	-0.795
2.618	49.352	20.682	3.375	2.023	918.737	-0.795
2.619	49.352	20.670	3.375	2.015	918.737	-0.793
2.621	49.346	20.682	3.391	2.023	917.518	-0.792
2.622	49.340	20.670	3.391	2.015	915.081	-0.791
2.624	49.340	20.688	3.424	2.015	915.081	-0.792
2.626	49.340	20.676	3.407	2.015	915.081	-0.792
2.627	49.327	20.694	3.448	2.007	919.955	-0.792
2.629	49.321	20.664	3.448	2.023	926.048	-0.792
2.630	49.333	20.682	3.448	2.023	933.358	-0.792
2.632	49.321	20.676	3.473	2.015	935.795	-0.793
2.634	49.327	20.712	3.473	2.007	934.577	-0.793
2.635	49.321	20.700	3.498	2.015	934.577	-0.793
2.637	49.315	20.706	3.514	2.007	933.358	-0.791
2.638	49.309	20.712	3.522	2.015	930.922	-0.793
2.640	49.303	20.706	3.530	2.007	930.922	-0.793
2.642	49.297	20.718	3.563	2.015	927.266	-0.793
2.643	49.297	20.700	3.563	2.015	928.485	-0.793
2.645	49.291	20.706	3.571	2.007	924.829	-0.792
2.646	49.291	20.694	3.596	2.015	923.611	-0.793
2.648	49.297	20.706	3.604	2.007	922.392	-0.793
2.650	49.285	20.694	3.620	2.007	921.174	-0.795
