Time (ms)	Ch1 V	Ch2 V	Ch1 A	Ch2 A	RPM	Torque
0.000	45.388	20.603	1.048	2.056	937.014	-0.759
0.002	49.431	20.603	1.147	2.064	943.106	-0.759
0.003	49.595	20.615	1.229	2.056	949.199	-0.760
0.005	49.601	20.615	1.311	2.080	952.854	-0.762
0.006	49.589	20.615	1.392	2.064	956.510	-0.762
0.008	49.595	20.597	1.474	2.072	954.073	-0.759
0.009	49.589	20.627	1.532	2.072	954.073	-0.760
0.011	49.589	20.603	1.605	2.072	950.417	-0.760
0.012	49.583	20.621	1.671	2.064	950.417	-0.759
0.014	49.577	20.609	1.728	2.064	947.980	-0.760
0.015	49.577	20.633	1.777	2.056	950.417	-0.759
0.017	49.577	20.621	1.843	2.056	947.980	-0.760
0.019	49.577	20.645	1.892	2.056	944.325	-0.758
0.020	49.565	20.633	1.933	2.056	940.669	-0.763
0.022	49.571	20.651	1.966	2.048	941.888	-0.760
0.023	49.565	20.633	2.015	2.072	941.888	-0.758
0.025	49.559	20.645	2.064	2.056	940.669	-0.759
0.026	49.565	20.639	2.113	2.064	937.014	-0.759
0.028	49.559	20.670	2.154	2.072	934.577	-0.760
0.029	49.565	20.651	2.179	2.064	934.577	-0.760
0.031	49.559	20.676	2.244	2.064	938.232	-0.759
0.033	49.559	20.670	2.261	2.064	944.325	-0.760
0.034	49.540	20.676	2.293	2.064	950.417	-0.759
0.036	49.547	20.676	2.334	2.072	954.073	-0.759
0.037	49.540	20.694	2.359	2.056	955.291	-0.760
0.039	49.528	20.700	2.425	2.064	952.854	-0.760
0.040	49.510	20.688	2.465	2.064	952.854	-0.760
0.042	49.528	20.694	2.498	2.072	951.636	-0.760
0.043	49.540	20.700	2.523	2.072	949.199	-0.759
0.045	49.528	20.706	2.572	2.064	947.980	-0.760
0.046	49.528	20.694	2.597	2.064	947.980	-0.762
0.048	49.528	20.700	2.605	2.056	943.106	-0.763
0.050	49.528	20.676	2.629	2.056	944.325	-0.760
0.051	49.522	20.700	2.678	2.072	943.106	-0.760
0.053	49.522	20.676	2.687	2.080	941.888	-0.760
0.054	49.516	20.700	2.711	2.072	939.451	-0.760
0.056	49.510	20.670	2.744	2.064	937.014	-0.762
0.057	49.516	20.688	2.760	2.064	935.795	-0.762
0.059	49.504	20.682	2.760	2.064	934.577	-0.762
0.060	49.516	20.694	2.809	2.072	941.888	-0.762
0.062	49.504	20.682	2.834	2.072	935.795	-0.760
0.064	49.504	20.694	2.842	2.064	943.106	-0.760
0.065	49.498	20.688	2.867	2.064	947.980	-0.760
0.067	49.492	20.706	2.891	2.064	951.636	-0.760
0.068	49.492	20.718	2.908	2.056	955.291	-0.762
0.070	49.492	20.718	2.924	2.064	954.073	-0.759
0.071	49.486	20.718	2.941	2.056	952.854	-0.762
0.073	49.480	20.725	2.965	2.072	951.636	-0.759
0.074	49.480	20.743	2.965	2.072	952.854	-0.759
0.076	49.486	20.731	2.990	2.064	947.980	-0.759
0.077	49.486	20.737	3.022	2.064	949.199	-0.759
0.079	49.480	20.737	3.039	2.072	945.543	-0.759
0.081	49.473	20.749	3.047	2.064	945.543	-0.762
0.082	49.467	20.731	3.072	2.056	943.106	-0.760
0.084	49.461	20.761	3.088	2.064	941.888	-0.760
0.085	49.461	20.725	3.096	2.064	941.888	-0.759
0.087	49.461	20.761	3.113	2.056	938.232	-0.759
0.088	49.455	20.743	3.129	2.064	937.014	-0.759
0.090	49.455	20.767	3.170	2.064	938.232	-0.759
0.091	49.449	20.743	3.178	2.064	935.795	-0.759
0.093	49.449	20.773	3.194	2.056	937.014	-0.760
0.095	49.443	20.755	3.203	2.072	943.106	-0.760
0.096	49.443	20.773	3.227	2.072	946.762	-0.763
0.098	49.431	20.761	3.235	2.064	952.854	-0.762
0.099	49.431	20.779	3.252	2.072	957.728	-0.762
0.101	49.388	20.773	3.268	2.072	954.073	-0.760
0.102	3.306	20.773	3.211	2.056	950.417	-0.763
0.104	0.024	20.773	3.088	2.056	952.854	-0.762
0.105	-0.164	20.779	2.957	2.064	950.417	-0.760
0.107	-0.177	20.779	2.842	2.056	949.199	-0.763
0.108	-0.195	20.779	2.752	2.064	946.762	-0.762
0.110	-0.189	20.798	2.678	2.080	945.543	-0.762
0.112	-0.189	20.773	2.556	2.064	944.325	-0.763
0.113	-0.189	20.792	2.506	2.064	943.106	-0.760
0.115	-0.183	20.773	2.433	2.056	940.669	-0.759
0.116	-0.177	20.785	2.359	2.064	940.669	-0.760
0.118	-0.189	20.761	2.285	2.064	938.232	-0.764
0.119	-0.189	20.792	2.228	2.072	937.014	-0.763
0.121	-0.183	20.773	2.179	2.056	934.577	-0.760
0.122	-0.170	20.785	2.105	2.064	941.888	-0.760
0.124	-0.183	20.761	2.072	2.064	938.232	-0.763
0.126	-0.170	20.767	2.007	2.064	941.888	-0.762
0.127	-0.177	20.749	1.974	2.056	945.543	-0.762
0.129	-0.177	20.761	1.925	2.064	954.073	-0.763
0.130	-0.189	20.761	1.884	2.056	956.510	-0.763
0.132	-0.177	20.749	1.827	2.056	955.291	-0.762
0.133	-0.177	20.761	1.794	2.080	955.291	-0.762
0.135	-0.170	20.773	1.753	2.064	952.854	-0.760
0.136	-0.170	20.767	1.712	2.072	950.417	-0.760
0.138	-0.170	20.767	1.679	2.064	947.980	-0.763
0.139	-0.170	20.779	1.655	2.064	946.762	-0.760
0.141	-0.177	20.767	1.614	2.064	946.762	-0.763
0.143	-0.170	20.785	1.597	2.056	945.543	-0.762
0.144	-0.170	20.785	1.564	2.056	944.325	-0.763
0.146	-0.170	20.792	1.524	2.056	940.669	-0.762
0.147	-0.170	20.779	1.515	2.064	940.669	-0.762
0.149	-0.164	20.810	1.483	2.056	939.451	-0.763
0.150	-0.164	20.773	1.466	2.064	937.014	-0.762
0.152	-6.977	20.792	1.442	2.072	944.325	-0.758
0.153	-0.615	20.779	1.401	2.072	935.795	-0.758
0.155	-0.237	20.810	1.368	2.056	937.014	-0.762
0.157	-0.177	20.779	1.343	2.064	941.888	-0.762
0.158	-0.152	20.798	1.335	2.064	946.762	-0.763
0.160	-0.146	20.761	1.302	2.056	952.854	-0.762
0.161	-0.158	20.785	1.311	2.056	954.073	-0.760
0.163	-0.146	20.773	1.294	2.064	955.291	-0.762
0.164	-0.152	20.785	1.278	2.056	951.636	-0.763
0.166	-0.140	20.767	1.245	2.056	950.417	-0.763
0.167	-0.146	20.785	1.220	2.064	950.417	-0.762
0.169	-0.146	20.779	1.212	2.056	945.543	-0.765
0.170	-0.146	20.779	1.196	2.072	949.199	-0.763
0.172	-0.140	20.792	1.179	2.048	946.762	-0.763
0.174	-0.134	20.792	1.171	2.056	944.325	-0.763
0.175	-0.134	20.798	1.155	2.056	941.888	-0.763
0.177	-0.134	20.792	1.155	2.056	939.451	-0.763
0.178	-0.140	20.798	1.139	2.056	940.669	-0.760
0.180	-0.134	20.792	1.122	2.056	938.232	-0.762
0.181	-0.128	20.798	1.122	2.064	937.014	-0.762
0.183	-0.134	20.785	1.098	2.056	934.577	-0.763
0.184	-0.146	20.792	1.089	2.048	939.451	-0.762
0.186	-0.128	20.779	1.081	2.064	934.577	-0.764
0.188	-0.134	20.798	1.065	2.064	941.888	-0.762
0.189	-0.128	20.779	1.065	2.056	946.762	-0.762
0.191	-0.128	20.792	1.065	2.056	951.636	-0.762
0.192	-0.128	20.773	1.048	2.064	955.291	-0.762
0.194	-0.134	20.785	1.024	2.064	955.291	-0.763
0.195	-0.128	20.767	1.016	2.056	954.073	-0.760
0.197	-0.134	20.792	1.007	2.056	952.854	-0.760
0.198	-0.128	20.773	0.999	2.056	951.636	-0.762
0.200	-0.256	20.798	0.999	2.056	950.417	-0.760
0.201	46.259	20.779	1.048	2.056	947.980	-0.760
0.203	49.461	20.792	1.155	2.056	949.199	-0.759
0.205	49.601	20.804	1.229	2.072	946.762	-0.760
0.206	49.595	20.804	1.327	2.064	943.106	-0.762
0.208	49.589	20.798	1.417	2.064	940.669	-0.762
0.209	49.589	20.804	1.466	2.056	940.669	-0.762
0.211	49.589	20.816	1.548	2.056	939.451	-0.760
0.212	49.589	20.816	1.614	2.048	938.232	-0.762
0.214	49.577	20.822	1.679	2.048	937.014	-0.762
0.215	49.577	20.810	1.745	2.056	933.358	-0.762
0.217	49.577	20.828	1.794	2.064	938.232	-0.763
0.219	49.577	20.816	1.851	2.056	941.888	-0.762
0.220	49.577	20.822	1.884	2.056	946.762	-0.762
0.222	49.571	20.804	1.941	2.056	952.854	-0.760
0.223	49.571	20.816	1.974	2.064	955.291	-0.760
0.225	49.571	20.798	2.040	2.056	956.510	-0.762
0.226	49.565	20.828	2.072	2.048	950.417	-0.762
0.228	49.565	20.804	2.130	2.064	950.417	-0.762
0.229	49.565	20.834	2.179	2.048	950.417	-0.762
0.231	49.559	20.810	2.212	2.056	946.762	-0.763
0.232	49.559	20.834	2.236	2.040	946.762	-0.762
0.234	49.559	20.810	2.285	2.056	944.325	-0.759
0.236	49.553	20.840	2.318	2.048	945.543	-0.759
0.237	49.559	20.828	2.351	2.056	943.106	-0.760
0.239	49.547	20.840	2.384	2.048	943.106	-0.760
0.240	49.528	20.834	2.416	2.056	940.669	-0.760
0.242	49.498	20.852	2.465	2.056	937.014	-0.760
0.243	49.522	20.840	2.515	2.056	938.232	-0.759
0.245	49.522	20.852	2.539	2.056	934.577	-0.760
0.246	49.528	20.852	2.564	2.056	938.232	-0.760
0.248	49.528	20.852	2.588	2.056	933.358	-0.762
0.250	49.528	20.858	2.621	2.056	940.669	-0.758
0.251	49.528	20.846	2.646	2.064	946.762	-0.759
0.253	49.516	20.871	2.654	2.056	952.854	-0.759
0.254	49.528	20.852	2.695	2.064	957.728	-0.759
0.256	49.516	20.865	2.711	2.056	955.291	-0.759
0.257	49.516	20.865	2.736	2.056	954.073	-0.760
0.259	49.516	20.883	2.777	2.056	951.636	-0.759
0.260	49.504	20.858	2.785	2.064	951.636	-0.759
0.262	49.504	20.889	2.801	2.056	950.417	-0.759
0.263	49.504	20.865	2.818	2.048	949.199	-0.759
0.265	49.498	20.871	2.842	2.056	946.762	-0.760
0.267	49.504	20.852	2.867	2.064	944.325	-0.759
0.268	49.498	20.865	2.875	2.048	943.106	-0.763
0.270	49.492	20.852	2.900	2.048	941.888	-0.760
0.271	49.492	20.865	2.924	2.048	940.669	-0.760
0.273	49.486	20.858	2.957	2.056	940.669	-0.762
0.274	49.492	20.865	2.965	2.064	937.014	-0.759
0.276	49.480	20.865	2.990	2.056	937.014	-0.762
0.277	49.480	20.865	2.998	2.048	933.358	-0.762
0.279	49.480	20.871	3.006	2.056	935.795	-0.762
0.281	49.473	20.877	3.031	2.056	941.888	-0.760
0.282	49.473	20.877	3.055	2.048	946.762	-0.762
0.284	49.461	20.877	3.063	2.056	950.417	-0.760
0.285	49.473	20.883	3.080	2.056	955.291	-0.760
0.287	49.461	20.883	3.113	2.056	955.291	-0.762
0.288	49.461	20.889	3.129	2.048	952.854	-0.760
0.290	49.461	20.865	3.162	2.048	951.636	-0.762
0.291	49.455	20.883	3.162	2.072	950.417	-0.763
0.293	49.455	20.877	3.170	2.056	950.417	-0.763
0.294	49.437	20.895	3.186	2.048	949.199	-0.763
0.296	49.443	20.877	3.211	2.056	946.762	-0.762
0.298	49.437	20.895	3.235	2.056	945.543	-0.763
0.299	49.431	20.883	3.235	2.072	944.325	-0.762
0.301	49.431	20.907	3.252	2.056	940.669	-0.763
0.302	48.256	20.877	3.276	2.048	934.577	-0.765
0.304	2.600	20.895	3.211	2.048	938.232	-0.764
0.305	-0.006	20.883	3.072	2.048	939.451	-0.760
0.307	-0.158	20.919	2.965	2.056	935.795	-0.763
0.308	-0.177	20.907	2.859	2.056	933.358	-0.763
0.310	-0.189	20.925	2.752	2.056	935.795	-0.763
0.312	-0.189	20.907	2.662	2.064	938.232	-0.762
0.313	-0.183	20.907	2.572	2.048	945.543	-0.763
0.315	-0.189	20.907	2.490	2.056	952.854	-0.762
0.316	-0.177	20.901	2.425	2.040	955.291	-0.763
0.318	-0.195	20.913	2.367	2.056	956.510	-0.762
0.319	-0.189	20.901	2.293	2.056	952.854	-0.762
0.321	-0.177	20.919	2.236	2.064	955.291	-0.762
0.322	-0.183	20.907	2.162	2.048	951.636	-0.762
0.324	-0.183	20.932	2.113	2.048	950.417	-0.764
0.325	-0.177	20.907	2.048	2.040	947.980	-0.762
0.327	-0.177	20.919	2.007	2.064	946.762	-0.764
0.329	-0.177	20.913	1.958	2.048	946.762	-0.762
0.330	-0.177	20.925	1.917	2.056	943.106	-0.762
0.332	-0.183	20.901	1.868	2.056	943.106	-0.762
0.333	-0.177	20.919	1.827	2.048	940.669	-0.762
0.335	-0.170	20.907	1.794	2.056	939.451	-0.762
0.336	-0.189	20.913	1.753	2.056	937.014	-0.760
0.338	-0.177	20.901	1.728	2.056	937.014	-0.763
0.339	-0.177	20.907	1.687	2.056	932.140	-0.763
0.341	-0.177	20.901	1.655	2.048	934.577	-0.763
0.343	-0.177	20.907	1.605	2.056	939.451	-0.762
0.344	-0.177	20.913	1.597	2.064	946.762	-0.764
0.346	-0.164	20.907	1.564	2.056	951.636	-0.760
0.347	-0.164	20.907	1.540	2.056	955.291	-0.762
0.349	-0.170	20.907	1.499	2.048	955.291	-0.763
0.350	-0.170	20.919	1.466	2.048	954.073	-0.763
0.352	-0.158	20.913	1.450	2.056	951.636	-0.763
0.353	-5.613	20.925	1.417	2.048	958.947	-0.759
0.355	-0.548	20.925	1.401	2.056	955.291	-0.758
0.356	-0.231	20.932	1.368	2.048	945.543	-0.763
0.358	-0.177	20.919	1.360	2.056	945.543	-0.762
0.360	-0.152	20.932	1.352	2.048	944.325	-0.760
0.361	-0.152	20.925	1.327	2.048	945.543	-0.762
0.363	-0.146	20.944	1.311	2.056	940.669	-0.764
0.364	-0.152	20.913	1.294	2.056	940.669	-0.763
0.366	-0.152	20.938	1.278	2.048	940.669	-0.760
0.367	-0.140	20.919	1.253	2.040	937.014	-0.763
0.369	-0.128	20.938	1.229	2.048	935.795	-0.764
0.370	-0.146	20.913	1.220	2.056	934.577	-0.763
0.372	-0.140	20.932	1.204	2.056	935.795	-0.765
0.374	-0.134	20.919	1.188	2.056	939.451	-0.763
0.375	-0.140	20.932	1.188	2.048	946.762	-0.762
0.377	-0.140	20.919	1.155	2.064	951.636	-0.762
0.378	-0.140	20.938	1.171	2.056	955.291	-0.762
0.380	-0.140	20.925	1.147	2.040	956.510	-0.762
0.381	-0.140	20.932	1.130	2.064	955.291	-0.762
0.383	-0.134	20.932	1.122	2.048	952.854	-0.760
0.384	-0.140	20.938	1.114	2.048	951.636	-0.763
0.386	-0.140	20.944	1.106	2.048	950.417	-0.763
0.387	-0.134	20.950	1.081	2.056	949.199	-0.762
0.389	-0.134	20.956	1.065	2.048	945.543	-0.760
0.391	-0.128	20.950	1.065	2.048	946.762	-0.760
0.392	-0.134	20.962	1.048	2.048	943.106	-0.760
0.394	-0.128	20.944	1.048	2.040	941.888	-0.762
0.395	-0.140	20.968	1.032	2.040	940.669	-0.763
0.397	-0.128	20.950	1.024	2.056	940.669	-0.763
0.398	-0.128	20.962	1.032	2.048	938.232	-0.762
0.400	-0.128	20.950	1.007	2.048	937.014	-0.762
0.401	1.674	20.944	1.007	2.056	937.014	-0.759
0.403	46.953	20.919	1.073	2.040	933.358	-0.762
0.405	49.492	20.950	1.163	2.048	940.669	-0.759
0.406	49.595	20.944	1.253	2.048	944.325	-0.760
0.408	49.595	20.944	1.327	2.040	950.417	-0.763
0.409	49.589	20.932	1.425	2.056	955.291	-0.762
0.411	49.595	20.956	1.491	2.040	955.291	-0.760
0.412	49.583	20.944	1.564	2.040	954.073	-0.760
0.414	49.583	20.968	1.622	2.048	950.417	-0.762
0.415	49.583	20.950	1.687	2.048	950.417	-0.760
0.417	49.577	20.962	1.736	2.048	951.636	-0.760
0.418	49.583	20.962	1.794	2.048	946.762	-0.760
0.420	49.571	20.962	1.835	2.048	946.762	-0.760
0.422	49.583	20.968	1.900	2.040	945.543	-0.762
0.423	49.571	20.968	1.941	2.056	943.106	-0.762
0.425	49.565	20.962	1.999	2.040	941.888	-0.760
0.426	49.565	20.962	2.031	2.048	940.669	-0.760
0.428	49.559	20.968	2.089	2.048	938.232	-0.759
0.429	49.565	20.962	2.130	2.048	938.232	-0.760
0.431	49.559	20.974	2.162	2.040	935.795	-0.760
0.432	49.559	20.950	2.220	2.056	935.795	-0.760
0.434	49.553	20.968	2.244	2.048	933.358	-0.762
0.436	49.559	20.938	2.285	2.056	940.669	-0.759
0.437	49.553	20.956	2.326	2.048	944.325	-0.759
0.439	49.553	20.938	2.359	2.048	951.636	-0.760
0.440	49.547	20.956	2.392	2.048	955.291	-0.758
0.442	49.522	20.944	2.441	2.056	956.510	-0.759
0.443	49.504	20.968	2.482	2.048	956.510	-0.759
0.445	49.522	20.950	2.523	2.048	952.854	-0.760
0.446	49.528	20.956	2.564	2.056	951.636	-0.759
0.448	49.522	20.956	2.572	2.048	949.199	-0.760
0.449	49.528	20.962	2.621	2.048	950.417	-0.760
0.451	49.522	20.950	2.629	2.048	945.543	-0.762
0.453	49.522	20.956	2.662	2.031	947.980	-0.758
0.454	49.522	20.956	2.678	2.048	945.543	-0.760
0.456	49.522	20.956	2.703	2.056	941.888	-0.760
0.457	49.516	20.968	2.719	2.048	940.669	-0.759
0.459	49.510	20.950	2.760	2.048	940.669	-0.760
0.460	49.510	20.968	2.769	2.031	939.451	-0.760
0.462	49.510	20.974	2.809	2.048	937.014	-0.762
0.463	49.504	20.974	2.826	2.040	930.922	-0.759
0.465	49.510	20.968	2.842	2.040	934.577	-0.759
0.467	49.498	20.974	2.850	2.048	938.232	-0.759
0.468	49.504	20.956	2.883	2.040	944.325	-0.759
0.470	49.492	20.962	2.900	2.048	950.417	-0.759
0.471	49.486	20.944	2.916	2.040	955.291	-0.763
0.473	49.492	20.968	2.941	2.048	955.291	-0.760
0.474	49.480	20.950	2.957	2.048	955.291	-0.762
0.476	49.473	20.968	2.973	2.031	950.417	-0.760
0.477	49.473	20.962	2.998	2.040	951.636	-0.760
0.479	49.473	20.974	3.031	2.048	950.417	-0.759
0.480	49.473	20.956	3.039	2.048	947.980	-0.760
0.482	49.480	20.962	3.047	2.040	947.980	-0.762
0.484	49.467	20.968	3.072	2.040	944.325	-0.760
0.485	49.467	20.968	3.088	2.031	943.106	-0.762
0.487	49.461	20.968	3.113	2.040	940.669	-0.763
0.488	49.455	20.962	3.121	2.048	940.669	-0.760
0.490	49.455	20.968	3.145	2.056	939.451	-0.759
0.491	49.449	20.968	3.154	2.040	937.014	-0.763
0.493	49.449	20.980	3.178	2.048	935.795	-0.762
0.494	49.449	20.962	3.178	2.048	934.577	-0.760
0.496	49.443	20.974	3.203	2.040	935.795	-0.760
0.498	49.443	20.974	3.211	2.056	938.232	-0.759
0.499	49.443	20.980	3.244	2.040	943.106	-0.762
0.501	49.443	20.968	3.260	2.040	947.980	-0.763
0.502	49.431	20.980	3.276	2.048	955.291	-0.762
0.504	43.020	20.938	3.276	2.031	952.854	-0.764
0.505	2.040	20.974	3.203	2.031	955.291	-0.760
0.507	-0.043	20.950	3.080	2.048	956.510	-0.759
0.508	-0.164	20.980	2.965	2.048	951.636	-0.762
0.510	-0.177	20.956	2.867	2.040	950.417	-0.762
0.511	-0.195	20.968	2.752	2.048	949.199	-0.759
0.513	-0.189	20.962	2.662	2.048	949.199	-0.762
0.515	-0.183	20.968	2.580	2.056	946.762	-0.760
0.516	-0.189	20.968	2.490	2.048	944.325	-0.760
0.518	-0.183	20.974	2.416	2.040	943.106	-0.762
0.519	-0.189	20.974	2.343	2.048	941.888	-0.759
0.521	-0.183	20.980	2.277	2.056	939.451	-0.763
0.522	-0.189	20.980	2.220	2.048	938.232	-0.762
0.524	-0.177	20.986	2.154	2.056	937.014	-0.763
0.525	-0.170	20.980	2.113	2.031	929.703	-0.762
0.527	-0.177	20.974	2.056	2.040	933.358	-0.760
0.529	-0.177	20.986	2.007	2.056	940.669	-0.762
0.530	-0.183	20.974	1.966	2.048	944.325	-0.762
0.532	-0.177	20.974	1.917	2.048	950.417	-0.760
0.533	-0.177	20.956	1.884	2.056	954.073	-0.763
0.535	-0.177	20.974	1.851	2.048	955.291	-0.760
0.536	-0.170	20.950	1.794	2.040	952.854	-0.762
0.538	-0.183	20.974	1.753	2.040	951.636	-0.763
0.539	-0.183	20.956	1.728	2.040	950.417	-0.763
0.541	-0.170	20.974	1.696	2.040	949.199	-0.759
0.542	-0.170	20.968	1.663	2.048	947.980	-0.760
0.544	-0.158	20.986	1.630	2.040	946.762	-0.762
0.546	-0.170	20.962	1.581	2.031	945.543	-0.762
0.547	-0.177	20.980	1.564	2.040	943.106	-0.763
0.549	-0.170	20.968	1.548	2.048	940.669	-0.763
0.550	-0.170	20.980	1.515	2.048	940.669	-0.762
0.552	-0.170	20.974	1.474	2.048	940.669	-0.763
0.553	-0.170	20.968	1.458	2.048	937.014	-0.762
0.555	-4.542	20.986	1.433	2.048	939.451	-0.764
0.556	-0.493	20.986	1.384	2.031	935.795	-0.762
0.558	-0.219	20.986	1.368	2.040	934.577	-0.763
0.560	-0.177	20.974	1.360	2.040	938.232	-0.762
0.561	-0.164	20.980	1.335	2.040	944.325	-0.762
0.563	-0.140	20.974	1.327	2.040	950.417	-0.762
0.564	-0.158	20.992	1.294	2.048	956.510	-0.760
0.566	-0.152	20.974	1.294	2.040	955.291	-0.762
0.567	-0.146	20.986	1.270	2.031	955.291	-0.762
0.569	-0.140	20.956	1.253	2.040	951.636	-0.762
0.570	-0.140	20.980	1.245	2.040	952.854	-0.760
0.572	-0.140	20.962	1.237	2.023	950.417	-0.762
0.573	-0.146	20.974	1.212	2.040	949.199	-0.762
0.575	-0.140	20.950	1.204	2.048	946.762	-0.762
0.577	-0.140	20.962	1.179	2.040	946.762	-0.762
0.578	-0.134	20.944	1.179	2.040	945.543	-0.760
0.580	-0.134	20.962	1.163	2.040	944.325	-0.763
0.581	-0.134	20.950	1.139	2.031	941.888	-0.760
0.583	-0.146	20.962	1.130	2.048	940.669	-0.762
0.584	-0.134	20.944	1.114	2.040	939.451	-0.760
0.586	-0.134	20.968	1.098	2.048	937.014	-0.759
0.587	-0.140	20.962	1.106	2.048	929.703	-0.762
0.589	-0.134	20.950	1.098	2.031	933.358	-0.763
0.591	-0.140	20.962	1.089	2.040	939.451	-0.763
0.592	-0.134	20.950	1.073	2.048	944.325	-0.763
0.594	-0.122	20.956	1.040	2.048	951.636	-0.763
0.595	-0.128	20.962	1.040	2.040	955.291	-0.763
0.597	-0.128	20.968	1.048	2.040	956.510	-0.762
0.598	-0.128	20.968	1.040	2.040	955.291	-0.763
0.600	-0.128	20.974	1.016	2.031	952.854	-0.763
0.601	-0.128	20.950	1.024	2.040	950.417	-0.763
0.603	7.495	20.950	0.999	2.040	951.636	-0.759
0.604	47.507	20.938	1.081	2.048	947.980	-0.762
0.606	49.516	20.962	1.179	2.040	947.980	-0.760
0.608	49.601	20.950	1.270	2.048	945.543	-0.762
0.609	49.583	20.974	1.343	2.031	943.106	-0.765
0.611	49.589	20.956	1.433	2.040	940.669	-0.763
0.612	49.589	20.974	1.507	2.031	941.888	-0.762
0.614	49.589	20.962	1.564	2.048	939.451	-0.764
0.615	49.577	20.968	1.630	2.040	938.232	-0.763
0.617	49.583	20.968	1.679	2.031	937.014	-0.763
0.618	49.577	20.974	1.745	2.048	933.358	-0.763
0.620	49.577	20.968	1.802	2.048	935.795	-0.764
0.622	49.571	20.968	1.851	2.040	937.014	-0.760
0.623	49.565	20.974	1.917	2.048	943.106	-0.763
0.625	49.571	20.950	1.958	2.031	946.762	-0.760
0.626	49.571	20.968	2.007	2.040	954.073	-0.762
0.628	49.571	20.944	2.048	2.040	958.947	-0.762
0.629	49.571	20.956	2.097	2.040	955.291	-0.763
0.631	49.559	20.932	2.146	2.048	952.854	-0.762
0.632	49.553	20.956	2.187	2.048	951.636	-0.762
0.634	49.553	20.938	2.203	2.031	950.417	-0.760
0.635	49.553	20.950	2.253	2.040	949.199	-0.763
0.637	49.547	20.938	2.285	2.031	947.980	-0.762
0.639	49.547	20.956	2.326	2.040	946.762	-0.763
0.640	49.547	20.938	2.367	2.040	944.325	-0.763
0.642	49.540	20.950	2.392	2.040	944.325	-0.760
0.643	49.510	20.944	2.441	2.040	941.888	-0.760
0.645	49.516	20.956	2.482	2.031	938.232	-0.763
0.646	49.528	20.944	2.515	2.040	941.888	-0.760
0.648	49.522	20.956	2.572	2.048	938.232	-0.760
0.649	49.528	20.944	2.605	2.031	932.140	-0.763
0.651	49.528	20.956	2.613	2.031	934.577	-0.763
0.653	49.528	20.944	2.646	2.048	939.451	-0.762
0.654	49.522	20.938	2.670	2.031	943.106	-0.763
0.656	49.522	20.944	2.678	2.031	949.199	-0.763
0.657	49.516	20.932	2.719	2.031	955.291	-0.763
0.659	49.516	20.944	2.752	2.031	955.291	-0.762
0.660	49.510	20.925	2.777	2.023	954.073	-0.762
0.662	49.510	20.938	2.793	2.031	951.636	-0.762
0.663	49.510	20.938	2.801	2.040	949.199	-0.763
0.665	49.510	20.950	2.834	2.040	950.417	-0.763
0.666	49.498	20.950	2.859	2.040	949.199	-0.762
0.668	49.504	20.956	2.875	2.031	945.543	-0.764
0.670	49.492	20.938	2.908	2.031	946.762	-0.763
0.671	49.492	20.950	2.924	2.040	941.888	-0.764
0.673	49.486	20.938	2.949	2.040	944.325	-0.762
0.674	49.492	20.944	2.949	2.040	939.451	-0.763
0.676	49.486	20.925	2.981	2.040	940.669	-0.762
0.677	49.473	20.950	2.998	2.031	938.232	-0.765
0.679	49.492	20.938	3.014	2.048	935.795	-0.764
0.680	49.480	20.932	3.039	2.048	934.577	-0.763
0.682	49.467	20.938	3.047	2.040	938.232	-0.763
0.684	49.467	20.932	3.063	2.040	937.014	-0.763
0.685	49.473	20.925	3.080	2.040	943.106	-0.763
0.687	49.461	20.938	3.113	2.040	949.199	-0.762
0.688	49.461	20.932	3.129	2.048	955.291	-0.760
0.690	49.455	20.932	3.129	2.031	957.728	-0.762
0.691	49.455	20.944	3.145	2.040	956.510	-0.760
0.693	49.455	20.950	3.170	2.040	952.854	-0.763
0.694	49.443	20.950	3.194	2.048	952.854	-0.762
0.696	49.443	20.938	3.194	2.040	951.636	-0.760
0.697	49.449	20.950	3.227	2.031	950.417	-0.763
0.699	49.443	20.932	3.227	2.040	947.980	-0.763
0.701	49.437	20.944	3.244	2.040	944.325	-0.763
0.702	49.437	20.925	3.268	2.031	945.543	-0.762
0.704	49.431	20.938	3.276	2.031	943.106	-0.763
0.705	35.288	20.907	3.285	2.040	955.291	-0.751
0.707	1.595	20.919	3.203	2.031	941.888	-0.762
0.708	-0.067	20.913	3.080	2.031	939.451	-0.763
0.710	-0.164	20.913	2.965	2.040	937.014	-0.764
0.711	-0.177	20.913	2.842	2.031	932.140	-0.763
0.713	-0.189	20.913	2.760	2.031	934.577	-0.763
0.715	-0.183	20.901	2.654	2.040	938.232	-0.763
0.716	-0.189	20.913	2.588	2.040	943.106	-0.762
0.718	-0.189	20.913	2.506	2.031	949.199	-0.764
0.719	-0.189	20.913	2.441	2.048	954.073	-0.762
0.721	-0.183	20.925	2.351	2.040	956.510	-0.764
0.722	-0.183	20.913	2.302	2.031	955.291	-0.763
0.724	-0.177	20.919	2.220	2.031	952.854	-0.764
0.725	-0.177	20.913	2.162	2.023	952.854	-0.763
0.727	-0.183	20.919	2.113	2.048	950.417	-0.764
0.728	-0.183	20.901	2.056	2.040	947.980	-0.765
0.730	-0.177	20.913	2.007	2.031	947.980	-0.764
0.732	-0.183	20.901	1.958	2.040	945.543	-0.764
0.733	-0.183	20.919	1.925	2.031	943.106	-0.763
0.735	-0.177	20.901	1.868	2.040	941.888	-0.763
0.736	-0.170	20.913	1.818	2.048	941.888	-0.763
0.738	-0.177	20.895	1.794	2.040	940.669	-0.763
0.739	-0.177	20.907	1.753	2.040	938.232	-0.764
0.741	-0.177	20.895	1.720	2.031	937.014	-0.763
0.742	-0.170	20.901	1.679	2.023	937.014	-0.763
0.744	-0.170	20.895	1.655	2.040	939.451	-0.763
0.746	-0.170	20.901	1.622	2.048	935.795	-0.763
0.747	-0.170	20.895	1.597	2.048	943.106	-0.763
0.749	-0.170	20.895	1.564	2.048	950.417	-0.764
0.750	-0.164	20.913	1.548	2.048	952.854	-0.763
0.752	-0.170	20.889	1.515	2.048	957.728	-0.764
0.753	-0.164	20.895	1.483	2.048	955.291	-0.763
0.755	-0.237	20.889	1.466	2.040	952.854	-0.763
0.756	-3.690	20.913	1.417	2.031	955.291	-0.764
0.758	-0.438	20.889	1.392	2.031	950.417	-0.763
0.759	-0.219	20.889	1.392	2.040	949.199	-0.765
0.761	-0.177	20.871	1.343	2.040	946.762	-0.763
0.763	-0.152	20.889	1.343	2.040	945.543	-0.762
0.764	-0.158	20.871	1.327	2.040	944.325	-0.763
0.766	-0.152	20.889	1.311	2.040	944.325	-0.763
0.767	-0.146	20.871	1.278	2.048	943.106	-0.763
0.769	-0.146	20.883	1.261	2.040	939.451	-0.764
0.770	-0.146	20.865	1.270	2.023	939.451	-0.763
0.772	-0.140	20.883	1.229	2.040	937.014	-0.763
0.773	-0.140	20.871	1.220	2.040	938.232	-0.763
0.775	-0.146	20.865	1.204	2.031	935.795	-0.762
0.777	-0.134	20.877	1.204	2.040	935.795	-0.763
0.778	-0.134	20.871	1.179	2.031	944.325	-0.764
0.780	-0.140	20.877	1.163	2.040	950.417	-0.762
0.781	-0.134	20.871	1.155	2.056	954.073	-0.763
0.783	-0.134	20.883	1.147	2.031	956.510	-0.764
0.784	-0.140	20.865	1.130	2.040	954.073	-0.763
0.786	-0.134	20.877	1.122	2.031	951.636	-0.764
0.787	-0.134	20.852	1.106	2.031	951.636	-0.763
0.789	-0.134	20.871	1.098	2.048	947.980	-0.764
0.790	-0.140	20.846	1.081	2.031	949.199	-0.763
0.792	-0.134	20.858	1.081	2.031	946.762	-0.763
0.794	-0.134	20.840	1.065	2.031	947.980	-0.764
0.795	-0.146	20.865	1.057	2.040	943.106	-0.764
0.797	-0.128	20.846	1.048	2.031	943.106	-0.764
0.798	-0.128	20.865	1.032	2.040	940.669	-0.763
0.800	-0.128	20.834	1.032	2.040	939.451	-0.763
0.801	-0.134	20.852	1.016	2.040	938.232	-0.764
0.803	-0.128	20.846	1.007	2.031	938.232	-0.764
0.804	15.062	20.834	0.991	2.040	943.106	-0.753
0.806	47.939	20.840	1.081	2.040	941.888	-0.760
0.808	49.534	20.846	1.179	2.040	939.451	-0.763
0.809	49.601	20.852	1.286	2.040	938.232	-0.763
0.811	49.595	20.834	1.360	2.040	946.762	-0.763
0.812	49.589	20.834	1.442	2.031	951.636	-0.763
0.814	49.589	20.822	1.515	2.040	957.728	-0.762
0.815	49.589	20.840	1.581	2.031	954.073	-0.760
0.817	49.583	20.816	1.638	2.040	955.291	-0.763
0.818	49.577	20.834	1.696	2.048	951.636	-0.762
0.820	49.583	20.810	1.761	2.040	950.417	-0.762
0.821	49.577	20.834	1.818	2.040	950.417	-0.760
0.823	49.577	20.804	1.876	2.040	949.199	-0.763
0.825	49.571	20.828	1.925	2.040	946.762	-0.762
0.826	49.577	20.822	1.982	2.040	944.325	-0.763
0.828	49.565	20.816	2.015	2.040	944.325	-0.762
0.829	49.565	20.804	2.064	2.023	941.888	-0.762
0.831	49.565	20.816	2.113	2.040	939.451	-0.762
0.832	49.565	20.804	2.130	2.048	940.669	-0.760
0.834	49.559	20.804	2.187	2.023	937.014	-0.763
0.835	49.547	20.810	2.228	2.031	935.795	-0.762
0.837	49.553	20.810	2.261	2.031	935.795	-0.763
0.839	49.553	20.810	2.310	2.048	935.795	-0.762
0.840	49.547	20.792	2.334	2.040	940.669	-0.763
0.842	49.540	20.804	2.367	2.040	946.762	-0.762
0.843	49.534	20.792	2.425	2.040	952.854	-0.759
0.845	49.498	20.798	2.457	2.040	955.291	-0.762
0.846	49.534	20.773	2.498	2.040	954.073	-0.762
0.848	49.534	20.785	2.523	2.040	954.073	-0.762
0.849	49.528	20.761	2.564	2.040	951.636	-0.764
0.851	49.528	20.792	2.580	2.040	949.199	-0.764
0.852	49.522	20.761	2.621	2.040	947.980	-0.764
0.854	49.522	20.767	2.654	2.031	946.762	-0.763
0.856	49.522	20.755	2.670	2.031	945.543	-0.763
0.857	49.522	20.773	2.687	2.031	945.543	-0.762
0.859	49.528	20.761	2.711	2.048	941.888	-0.762
0.860	49.516	20.773	2.736	2.040	943.106	-0.762
0.862	49.510	20.761	2.777	2.048	939.451	-0.762
0.863	49.504	20.767	2.793	2.048	939.451	-0.763
0.865	49.510	20.773	2.818	2.031	937.014	-0.762
0.866	49.510	20.761	2.834	2.048	938.232	-0.763
0.868	49.504	20.767	2.867	2.040	941.888	-0.765
0.870	49.498	20.755	2.883	2.040	935.795	-0.763
0.871	49.498	20.767	2.900	2.040	941.888	-0.762
0.873	49.492	20.749	2.900	2.040	945.543	-0.763
0.874	49.492	20.761	2.941	2.040	951.636	-0.763
0.876	49.486	20.737	2.957	2.048	956.510	-0.763
0.877	49.486	20.743	2.981	2.040	955.291	-0.762
0.879	49.492	20.725	3.006	2.040	955.291	-0.763
0.880	49.473	20.743	3.006	2.048	954.073	-0.763
0.882	49.473	20.725	3.031	2.040	950.417	-0.764
0.883	49.473	20.731	3.055	2.056	950.417	-0.762
0.885	49.480	20.725	3.063	2.048	949.199	-0.762
0.887	49.461	20.718	3.080	2.040	947.980	-0.763
0.888	49.467	20.725	3.096	2.040	946.762	-0.762
0.890	49.461	20.700	3.121	2.048	944.325	-0.762
0.891	49.449	20.706	3.137	2.031	941.888	-0.763
0.893	49.455	20.688	3.154	2.048	943.106	-0.764
0.894	49.461	20.694	3.170	2.040	939.451	-0.763
0.896	49.455	20.670	3.194	2.048	938.232	-0.764
0.897	49.443	20.682	3.211	2.048	937.014	-0.762
0.899	49.443	20.658	3.227	2.048	933.358	-0.763
0.901	49.443	20.676	3.219	2.040	935.795	-0.763
0.902	49.443	20.664	3.252	2.048	940.669	-0.764
0.904	49.437	20.664	3.260	2.048	947.980	-0.763
0.905	49.431	20.645	3.293	2.040	952.854	-0.762
0.907	28.018	20.658	3.285	2.048	971.131	-0.759
0.908	1.242	20.639	3.186	2.048	958.947	-0.762
0.910	-0.085	20.658	3.072	2.048	954.073	-0.765
0.911	-0.164	20.651	2.957	2.048	950.417	-0.764
0.913	-0.177	20.639	2.859	2.048	950.417	-0.763
0.914	-0.189	20.639	2.744	2.040	949.199	-0.765
0.916	-0.189	20.621	2.662	2.048	946.762	-0.765
0.918	-0.183	20.633	2.580	2.048	944.325	-0.767
0.919	-0.189	20.609	2.490	2.040	944.325	-0.764
0.921	-0.183	20.627	2.416	2.040	943.106	-0.767
0.922	-0.189	20.609	2.351	2.040	940.669	-0.767
0.924	-0.189	20.615	2.285	2.048	939.451	-0.764
0.925	-0.177	20.572	2.228	2.040	940.669	-0.765
0.927	-0.183	20.597	2.179	2.048	937.014	-0.765
0.928	-0.170	20.566	2.113	2.040	935.795	-0.764
0.930	-0.183	20.572	2.056	2.064	934.577	-0.765
0.932	-0.183	20.572	2.015	2.031	935.795	-0.763
0.933	-0.177	20.585	1.982	2.056	940.669	-0.763
0.935	-0.177	20.578	1.933	2.056	945.543	-0.763
0.936	-0.177	20.554	1.876	2.040	951.636	-0.763
0.938	-0.177	20.572	1.851	2.048	957.728	-0.764
0.939	-0.170	20.548	1.802	2.048	957.728	-0.763
0.941	-0.177	20.566	1.745	2.040	954.073	-0.763
0.942	-0.177	20.530	1.736	2.056	954.073	-0.763
0.944	-0.183	20.560	1.687	2.040	950.417	-0.763
0.945	-0.170	20.530	1.663	2.040	951.636	-0.764
0.947	-0.170	20.536	1.622	2.040	946.762	-0.764
0.949	-0.170	20.518	1.605	2.056	946.762	-0.763
0.950	-0.170	20.548	1.573	2.048	944.325	-0.763
0.952	-0.170	20.518	1.524	2.048	941.888	-0.763
0.953	-0.164	20.524	1.524	2.040	944.325	-0.762
0.955	-0.170	20.505	1.483	2.056	940.669	-0.765
0.956	-1.644	20.524	1.474	2.056	938.232	-0.765
0.958	-3.008	20.505	1.425	2.048	943.106	-0.764
0.959	-0.390	20.481	1.409	2.040	935.795	-0.767
0.961	-0.213	20.487	1.376	2.040	929.703	-0.764
0.963	-0.164	20.451	1.376	2.048	934.577	-0.762
0.964	-0.152	20.469	1.352	2.040	939.451	-0.763
0.966	-0.152	20.438	1.335	2.048	945.543	-0.763
0.967	-0.152	20.444	1.302	2.048	951.636	-0.763
0.969	-0.146	20.426	1.286	2.048	955.291	-0.764
0.970	-0.152	20.451	1.278	2.056	956.510	-0.764
0.972	-0.140	20.414	1.261	2.056	952.854	-0.764
0.973	-0.146	20.426	1.237	2.072	952.854	-0.763
0.975	-0.140	20.408	1.229	2.056	950.417	-0.764
0.976	-0.140	20.396	1.212	2.056	951.636	-0.763
0.978	-0.146	20.396	1.196	2.056	947.980	-0.764
0.980	-0.134	20.378	1.188	2.056	949.199	-0.764
0.981	-0.140	20.384	1.171	2.056	945.543	-0.763
0.983	-0.134	20.359	1.155	2.048	943.106	-0.763
0.984	-0.134	20.371	1.147	2.056	941.888	-0.763
0.986	-0.134	20.347	1.130	2.056	940.669	-0.764
0.987	-0.134	20.359	1.114	2.048	940.669	-0.764
0.989	-0.134	20.329	1.106	2.056	938.232	-0.764
0.990	-0.134	20.347	1.089	2.048	935.795	-0.764
0.992	-0.134	20.329	1.065	2.048	932.140	-0.765
0.994	-0.140	20.323	1.081	2.056	934.577	-0.763
0.995	-0.134	20.323	1.073	2.056	940.669	-0.765
0.997	-0.134	20.298	1.065	2.064	945.543	-0.763
0.998	-0.128	20.298	1.057	2.048	950.417	-0.764
1.000	-0.122	20.262	1.032	2.064	954.073	-0.763
1.001	-0.116	20.262	1.040	2.072	956.510	-0.764
1.003	-0.122	20.231	1.007	2.072	954.073	-0.765
1.004	-0.122	20.231	1.016	2.056	952.854	-0.763
1.006	22.125	20.189	0.999	2.056	952.854	-0.762
1.007	48.280	20.280	1.081	2.064	952.854	-0.759
1.009	49.553	20.304	1.196	2.056	947.980	-0.764
1.011	49.601	20.317	1.278	2.056	945.543	-0.763
1.012	49.595	20.414	1.368	2.064	945.543	-0.763
1.014	49.589	20.505	1.442	2.056	945.543	-0.762
1.015	49.583	20.609	1.507	2.064	943.106	-0.762
1.017	49.583	20.670	1.573	2.072	941.888	-0.763
1.018	49.577	20.737	1.630	2.064	939.451	-0.764
1.020	49.577	20.816	1.687	2.064	938.232	-0.763
1.021	49.583	20.883	1.745	2.064	938.232	-0.760
1.023	49.583	20.956	1.794	2.064	929.703	-0.762
1.025	49.571	21.005	1.843	2.056	934.577	-0.763
1.026	49.577	21.059	1.908	2.064	939.451	-0.760
1.028	49.571	21.120	1.966	2.064	945.543	-0.763
1.029	49.571	21.169	2.007	2.064	949.199	-0.763
1.031	49.565	21.218	2.064	2.056	955.291	-0.760
1.032	49.571	21.260	2.105	2.056	955.291	-0.763
1.034	49.565	21.297	2.130	2.064	951.636	-0.763
1.035	49.565	21.333	2.187	2.056	952.854	-0.763
1.037	49.559	21.370	2.212	2.064	950.417	-0.763
1.038	49.559	21.400	2.261	2.064	951.636	-0.760
1.040	49.553	21.437	2.293	2.048	949.199	-0.763
1.042	49.565	21.467	2.326	2.056	946.762	-0.763
1.043	49.559	21.473	2.359	2.056	945.543	-0.763
1.045	49.553	21.467	2.392	2.056	943.106	-0.763
1.046	49.540	21.479	2.433	2.056	941.888	-0.763
1.048	49.510	21.461	2.465	2.040	938.232	-0.763
1.049	49.528	21.443	2.515	2.056	938.232	-0.764
1.051	49.528	21.437	2.539	2.048	935.795	-0.762
1.052	49.534	21.419	2.580	2.056	938.232	-0.763
1.054	49.528	21.406	2.605	2.056	934.577	-0.764
1.056	49.528	21.370	2.621	2.056	933.358	-0.762
1.057	49.522	21.376	2.646	2.048	939.451	-0.763
1.059	49.516	21.346	2.687	2.048	944.325	-0.763
1.060	49.522	21.346	2.695	2.048	950.417	-0.762
