Time (ms)	Ch1 V	Ch2 V	Ch1 A	Ch2 A	RPM	Torque
0.000	34.983	30.916	2.154	2.916	1396.382	-0.989
0.002	48.749	30.898	2.269	2.924	1397.601	-0.984
0.003	49.394	30.916	2.367	2.924	1395.164	-0.984
0.005	49.431	30.874	2.465	2.932	1393.945	-0.984
0.006	49.431	30.874	2.547	2.908	1395.164	-0.983
0.008	49.425	30.843	2.637	2.924	1396.382	-0.981
0.009	49.431	30.892	2.711	2.916	1401.256	-0.983
0.011	49.419	30.874	2.777	2.916	1407.349	-0.981
0.012	49.425	30.868	2.842	2.924	1412.223	-0.981
0.014	49.419	30.843	2.908	2.924	1411.004	-0.980
0.015	49.419	30.874	2.957	2.924	1408.567	-0.983
0.017	49.419	30.862	3.014	2.924	1407.349	-0.984
0.019	49.419	30.825	3.063	2.932	1406.130	-0.981
0.020	49.413	30.855	3.121	2.916	1402.475	-0.984
0.022	49.419	30.855	3.162	2.932	1400.038	-0.981
0.023	49.419	30.868	3.203	2.924	1397.601	-0.981
0.025	49.419	30.837	3.252	2.932	1395.164	-0.983
0.026	49.413	30.874	3.293	2.932	1392.727	-0.983
0.028	49.413	30.868	3.342	2.924	1393.945	-0.985
0.029	49.413	30.892	3.366	2.941	1400.038	-0.983
0.031	49.413	30.868	3.399	2.924	1402.475	-0.983
0.033	49.407	30.855	3.440	2.924	1409.786	-0.984
0.034	49.400	30.855	3.465	2.932	1409.786	-0.983
0.036	49.413	30.886	3.506	2.932	1409.786	-0.981
0.037	49.407	30.868	3.538	2.932	1408.567	-0.983
0.039	49.413	30.831	3.571	2.924	1404.912	-0.984
0.040	49.407	30.868	3.588	2.916	1403.693	-0.983
0.042	49.407	30.849	3.620	2.941	1400.038	-0.983
0.043	49.400	30.874	3.645	2.924	1400.038	-0.981
0.045	49.394	30.843	3.686	2.916	1397.601	-0.984
0.046	49.400	30.886	3.694	2.932	1393.945	-0.983
0.048	49.388	30.855	3.719	2.932	1392.727	-0.984
0.050	49.394	30.837	3.743	2.932	1397.601	-0.981
0.051	49.394	30.849	3.768	2.924	1402.475	-0.984
0.053	49.400	30.904	3.801	2.941	1407.349	-0.981
0.054	49.388	30.886	3.809	2.932	1412.223	-0.981
0.056	49.400	30.868	3.817	2.932	1412.223	-0.980
0.057	49.388	30.886	3.850	2.932	1408.567	-0.983
0.059	49.394	30.880	3.874	2.941	1407.349	-0.981
0.060	49.376	30.898	3.882	2.932	1404.912	-0.980
0.062	49.394	30.886	3.899	2.932	1402.475	-0.984
0.064	49.388	30.886	3.915	2.932	1400.038	-0.983
0.065	49.382	30.862	3.940	2.932	1397.601	-0.983
0.067	49.382	30.849	3.956	2.932	1397.601	-0.980
0.068	49.382	30.868	3.973	2.932	1393.945	-0.983
0.070	49.376	30.904	3.981	2.949	1393.945	-0.980
0.071	49.376	30.880	4.005	2.932	1397.601	-0.981
0.073	49.327	30.929	4.022	2.941	1403.693	-0.980
0.074	49.358	30.910	4.063	2.941	1409.786	-0.981
0.076	49.364	30.916	4.071	2.932	1412.223	-0.981
0.077	49.370	30.922	4.087	2.941	1408.567	-0.983
0.079	49.364	30.892	4.112	2.949	1407.349	-0.984
0.081	49.364	30.929	4.112	2.932	1406.130	-0.983
0.082	49.364	30.892	4.136	2.932	1401.256	-0.983
0.084	49.358	30.929	4.145	2.941	1398.819	-0.983
0.085	49.358	30.892	4.161	2.941	1398.819	-0.981
0.087	49.370	30.922	4.169	2.941	1397.601	-0.983
0.088	49.346	30.892	4.186	2.941	1395.164	-0.981
0.090	49.358	30.941	4.194	2.941	1395.164	-0.983
0.091	49.358	30.916	4.210	2.941	1397.601	-0.983
0.093	49.352	30.929	4.210	2.932	1402.475	-0.980
0.095	49.352	30.929	4.235	2.924	1407.349	-0.983
0.096	49.346	30.947	4.243	2.957	1411.004	-0.983
0.098	49.346	30.947	4.251	2.949	1409.786	-0.983
0.099	49.346	30.910	4.267	2.941	1408.567	-0.983
0.101	49.352	30.953	4.284	2.941	1408.567	-0.983
0.102	49.352	30.929	4.292	2.941	1403.693	-0.983
0.104	49.340	30.959	4.300	2.941	1402.475	-0.983
0.105	49.346	30.929	4.308	2.941	1398.819	-0.983
0.107	49.333	30.971	4.325	2.941	1398.819	-0.984
0.108	49.340	30.959	4.341	2.949	1397.601	-0.981
0.110	49.333	30.947	4.333	2.949	1392.727	-0.983
0.112	49.327	30.947	4.349	2.949	1395.164	-0.983
0.113	49.327	31.002	4.366	2.949	1397.601	-0.984
0.115	49.327	30.989	4.390	2.949	1404.912	-0.983
0.116	49.321	30.965	4.390	2.949	1408.567	-0.981
0.118	49.327	30.971	4.382	2.941	1411.004	-0.983
0.119	49.327	30.929	4.415	2.949	1409.786	-0.984
0.121	49.321	30.977	4.423	2.941	1407.349	-0.983
0.122	49.321	30.965	4.423	2.949	1406.130	-0.983
0.124	49.321	30.977	4.448	2.949	1402.475	-0.984
0.126	49.321	30.953	4.456	2.949	1401.256	-0.984
0.127	49.321	31.002	4.456	2.941	1398.819	-0.984
0.129	49.315	30.971	4.464	2.949	1397.601	-0.983
0.130	49.315	31.020	4.472	2.941	1395.164	-0.984
0.132	49.309	30.989	4.497	2.949	1395.164	-0.985
0.133	49.309	30.977	4.497	2.932	1397.601	-0.981
0.135	49.309	30.989	4.497	2.957	1402.475	-0.983
0.136	49.303	30.977	4.497	2.957	1407.349	-0.983
0.138	49.297	31.002	4.521	2.949	1412.223	-0.983
0.139	49.303	30.996	4.521	2.949	1412.223	-0.983
0.141	49.297	31.002	4.546	2.949	1407.349	-0.981
0.143	49.303	30.971	4.554	2.949	1407.349	-0.984
0.144	49.297	31.008	4.546	2.949	1404.912	-0.981
0.146	49.291	30.996	4.571	2.949	1402.475	-0.983
0.147	49.291	31.014	4.554	2.957	1400.038	-0.983
0.149	43.763	30.971	4.571	2.941	1393.945	-0.988
0.150	2.058	31.014	4.472	2.941	1396.382	-0.983
0.152	-0.067	31.002	4.317	2.941	1393.945	-0.981
0.153	-0.195	31.044	4.169	2.957	1393.945	-0.984
0.155	-0.207	31.026	4.030	2.949	1397.601	-0.985
0.157	-0.213	31.002	3.915	2.941	1403.693	-0.985
0.158	-0.219	31.026	3.809	2.941	1407.349	-0.985
0.160	-0.213	31.050	3.686	2.949	1409.786	-0.985
0.161	-0.213	31.050	3.588	2.957	1409.786	-0.983
0.163	-0.213	31.002	3.481	2.949	1407.349	-0.983
0.164	-0.219	31.056	3.399	2.957	1404.912	-0.983
0.166	-0.219	31.032	3.334	2.949	1402.475	-0.984
0.167	-0.213	31.056	3.244	2.957	1401.256	-0.983
0.169	-0.207	31.026	3.162	2.957	1397.601	-0.983
0.170	-0.213	31.050	3.088	2.957	1395.164	-0.983
0.172	-0.207	31.032	3.022	2.949	1393.945	-0.984
0.174	-0.207	31.020	2.965	2.957	1393.945	-0.983
0.175	-5.973	31.075	2.891	2.949	1392.727	-0.988
0.177	-2.624	31.069	2.826	2.949	1401.256	-0.983
0.178	-0.402	31.062	2.752	2.949	1404.912	-0.985
0.180	-0.256	31.056	2.703	2.949	1412.223	-0.985
0.181	-0.201	31.056	2.654	2.949	1413.441	-0.983
0.183	-0.201	31.050	2.613	2.949	1411.004	-0.984
0.184	-0.183	31.081	2.564	2.949	1406.130	-0.983
0.186	-0.201	31.069	2.515	2.941	1404.912	-0.984
0.188	-0.183	31.081	2.482	2.949	1401.256	-0.984
0.189	-0.177	31.056	2.441	2.949	1398.819	-0.984
0.191	-0.183	31.093	2.392	2.957	1400.038	-0.983
0.192	-0.183	31.075	2.359	2.957	1396.382	-0.983
0.194	-0.183	31.111	2.310	2.957	1392.727	-0.984
0.195	-0.183	31.087	2.285	2.949	1393.945	-0.984
0.197	-0.177	31.087	2.244	2.957	1397.601	-0.983
0.198	-0.170	31.087	2.228	2.957	1402.475	-0.983
0.200	-0.177	31.093	2.187	2.949	1407.349	-0.983
0.201	37.973	31.099	2.162	2.965	1407.349	-0.989
0.203	48.889	31.099	2.293	2.949	1408.567	-0.986
0.205	49.400	31.105	2.392	2.965	1406.130	-0.984
0.206	49.431	31.075	2.498	2.949	1404.912	-0.984
0.208	49.425	31.111	2.572	2.941	1404.912	-0.983
0.209	49.413	31.081	2.654	2.949	1402.475	-0.984
0.211	49.419	31.123	2.728	2.957	1398.819	-0.981
0.212	49.413	31.099	2.785	2.957	1396.382	-0.983
0.214	49.413	31.099	2.859	2.957	1395.164	-0.983
0.215	49.413	31.105	2.908	2.965	1395.164	-0.980
0.217	49.413	31.117	2.973	2.957	1397.601	-0.983
0.219	49.407	31.117	3.031	2.965	1403.693	-0.983
0.220	49.413	31.105	3.088	2.949	1404.912	-0.983
0.222	49.413	31.123	3.137	2.949	1412.223	-0.981
0.223	49.413	31.087	3.178	2.965	1412.223	-0.981
0.225	49.413	31.123	3.235	2.949	1408.567	-0.983
0.226	49.400	31.154	3.285	2.957	1407.349	-0.983
0.228	49.413	31.160	3.317	2.949	1404.912	-0.981
0.229	49.407	31.117	3.350	2.965	1402.475	-0.981
0.231	49.407	31.142	3.391	2.965	1400.038	-0.981
0.232	49.413	31.123	3.416	2.957	1397.601	-0.979
0.234	49.400	31.154	3.465	2.949	1396.382	-0.981
0.236	49.400	31.129	3.506	2.957	1393.945	-0.981
0.237	49.400	31.172	3.522	2.949	1392.727	-0.984
0.239	49.400	31.160	3.555	2.949	1397.601	-0.984
0.240	49.400	31.190	3.588	2.941	1402.475	-0.981
0.242	49.400	31.166	3.629	2.949	1407.349	-0.981
0.243	49.400	31.123	3.653	2.957	1409.786	-0.983
0.245	49.394	31.160	3.670	2.957	1409.786	-0.984
0.246	49.394	31.154	3.702	2.957	1407.349	-0.983
0.248	49.400	31.154	3.727	2.957	1406.130	-0.983
0.250	49.388	31.123	3.760	2.965	1402.475	-0.981
0.251	49.382	31.172	3.776	2.957	1401.256	-0.983
0.253	49.388	31.184	3.784	2.957	1398.819	-0.984
0.254	49.388	31.190	3.809	2.949	1396.382	-0.983
0.256	49.388	31.154	3.833	2.957	1395.164	-0.983
0.257	49.394	31.172	3.858	2.957	1393.945	-0.981
0.259	49.388	31.160	3.882	2.957	1397.601	-0.984
0.260	49.388	31.190	3.891	2.965	1402.475	-0.983
0.262	49.382	31.172	3.915	2.957	1407.349	-0.983
0.263	49.376	31.136	3.923	2.949	1413.441	-0.981
0.265	49.382	31.172	3.956	2.949	1411.004	-0.981
0.267	49.376	31.166	3.956	2.957	1408.567	-0.981
0.268	49.376	31.190	3.981	2.957	1404.912	-0.984
0.270	49.376	31.154	4.005	2.965	1403.693	-0.980
0.271	49.370	31.203	4.014	2.949	1401.256	-0.981
0.273	49.352	31.196	4.014	2.965	1401.256	-0.981
0.274	49.321	31.203	4.063	2.949	1397.601	-0.983
0.276	49.346	31.178	4.087	2.965	1396.382	-0.981
0.277	49.358	31.203	4.104	2.957	1392.727	-0.981
0.279	49.358	31.184	4.120	2.957	1393.945	-0.981
0.281	49.358	31.203	4.136	2.957	1397.601	-0.984
0.282	49.358	31.190	4.153	2.957	1402.475	-0.985
0.284	49.358	31.209	4.169	2.965	1407.349	-0.983
0.285	49.346	31.203	4.177	2.957	1411.004	-0.983
0.287	49.352	31.203	4.202	2.965	1407.349	-0.983
0.288	49.352	31.209	4.210	2.957	1407.349	-0.983
0.290	49.358	31.172	4.218	2.957	1404.912	-0.983
0.291	49.346	31.215	4.227	2.957	1401.256	-0.981
0.293	49.346	31.184	4.235	2.957	1400.038	-0.984
0.294	49.340	31.227	4.251	2.949	1400.038	-0.983
0.296	49.346	31.184	4.276	2.965	1396.382	-0.984
0.298	49.346	31.221	4.284	2.965	1395.164	-0.983
0.299	49.340	31.190	4.292	2.957	1393.945	-0.984
0.301	49.346	31.196	4.300	2.957	1396.382	-0.983
0.302	49.333	31.196	4.308	2.957	1402.475	-0.983
0.304	49.340	31.221	4.317	2.957	1407.349	-0.981
0.305	49.340	31.209	4.341	2.957	1412.223	-0.981
0.307	49.340	31.215	4.349	2.965	1411.004	-0.983
0.308	49.321	31.221	4.349	2.965	1409.786	-0.983
0.310	49.327	31.209	4.366	2.957	1406.130	-0.981
0.312	49.327	31.227	4.382	2.949	1403.693	-0.980
0.313	49.321	31.215	4.382	2.957	1401.256	-0.984
0.315	49.321	31.245	4.399	2.957	1400.038	-0.981
0.316	49.321	31.221	4.415	2.965	1400.038	-0.983
0.318	49.321	31.239	4.415	2.965	1397.601	-0.983
0.319	49.321	31.209	4.423	2.957	1392.727	-0.985
0.321	49.315	31.233	4.439	2.957	1392.727	-0.981
0.322	49.321	31.227	4.456	2.949	1398.819	-0.984
0.324	49.315	31.233	4.472	2.957	1402.475	-0.983
0.325	49.315	31.227	4.464	2.957	1406.130	-0.983
0.327	49.309	31.257	4.472	2.949	1411.004	-0.983
0.329	49.309	31.239	4.489	2.949	1408.567	-0.984
0.330	49.303	31.221	4.497	2.957	1409.786	-0.985
0.332	49.309	31.245	4.497	2.957	1404.912	-0.984
0.333	49.297	31.215	4.521	2.965	1402.475	-0.983
0.335	49.309	31.245	4.521	2.965	1401.256	-0.984
0.336	49.297	31.233	4.546	2.965	1398.819	-0.984
0.338	49.303	31.263	4.546	2.949	1397.601	-0.983
0.339	49.303	31.239	4.538	2.949	1393.945	-0.984
0.341	49.309	31.257	4.546	2.957	1392.727	-0.981
0.343	49.297	31.233	4.562	2.965	1395.164	-0.983
0.344	49.291	31.257	4.579	2.957	1400.038	-0.984
0.346	49.291	31.239	4.579	2.949	1406.130	-0.984
0.347	49.291	31.269	4.595	2.957	1411.004	-0.983
0.349	49.285	31.251	4.603	2.957	1411.004	-0.984
0.350	36.128	31.227	4.603	2.957	1421.970	-0.973
0.352	1.595	31.245	4.497	2.957	1408.567	-0.985
0.353	-0.091	31.263	4.341	2.957	1404.912	-0.984
0.355	-0.195	31.269	4.186	2.957	1401.256	-0.984
0.356	-0.213	31.233	4.063	2.949	1400.038	-0.984
0.358	-0.219	31.269	3.923	2.965	1397.601	-0.983
0.360	-0.219	31.233	3.817	2.957	1396.382	-0.984
0.361	-0.219	31.269	3.702	2.941	1391.508	-0.984
0.363	-0.213	31.245	3.604	2.957	1393.945	-0.984
0.364	-0.213	31.269	3.514	2.957	1396.382	-0.981
0.366	-0.219	31.245	3.424	2.957	1402.475	-0.983
0.367	-0.213	31.257	3.334	2.949	1407.349	-0.984
0.369	-0.219	31.251	3.260	2.965	1411.004	-0.983
0.370	-0.207	31.300	3.178	2.949	1411.004	-0.981
0.372	-0.213	31.276	3.104	2.957	1406.130	-0.985
0.374	-0.207	31.263	3.047	2.941	1404.912	-0.984
0.375	-0.213	31.276	2.981	2.957	1402.475	-0.985
0.377	-13.723	31.300	2.916	2.949	1396.382	-0.991
0.378	-2.161	31.294	2.834	2.957	1396.382	-0.985
0.380	-0.371	31.263	2.785	2.957	1395.164	-0.986
0.381	-0.244	31.288	2.719	2.965	1393.945	-0.984
0.383	-0.201	31.269	2.678	2.965	1393.945	-0.984
0.384	-0.195	31.269	2.629	2.957	1397.601	-0.983
0.386	-0.189	31.245	2.564	2.965	1402.475	-0.983
0.387	-0.195	31.288	2.531	2.957	1406.130	-0.984
0.389	-0.189	31.263	2.490	2.965	1411.004	-0.981
0.391	-0.189	31.269	2.441	2.957	1411.004	-0.984
0.392	-0.177	31.276	2.400	2.949	1411.004	-0.983
0.394	-0.183	31.251	2.359	2.965	1406.130	-0.984
0.395	-0.170	31.269	2.326	2.949	1406.130	-0.983
0.397	-0.183	31.288	2.302	2.965	1401.256	-0.981
0.398	-0.183	31.282	2.269	2.957	1400.038	-0.983
0.400	-0.183	31.330	2.220	2.957	1397.601	-0.983
0.401	-0.177	31.312	2.195	2.957	1396.382	-0.984
0.403	40.311	31.288	2.203	2.965	1391.508	-0.984
0.405	49.011	31.318	2.318	2.965	1391.508	-0.986
0.406	49.394	31.282	2.416	2.949	1397.601	-0.981
0.408	49.425	31.306	2.523	2.957	1403.693	-0.981
0.409	49.400	31.276	2.597	2.957	1407.349	-0.984
0.411	49.394	31.300	2.678	2.941	1411.004	-0.984
0.412	49.413	31.288	2.760	2.957	1408.567	-0.984
0.414	49.413	31.257	2.834	2.957	1407.349	-0.983
0.415	49.400	31.282	2.900	2.965	1406.130	-0.981
0.417	49.407	31.312	2.949	2.957	1402.475	-0.983
0.418	49.407	31.300	3.006	2.949	1402.475	-0.983
0.420	49.407	31.300	3.063	2.965	1396.382	-0.983
0.422	49.407	31.300	3.113	2.949	1396.382	-0.983
0.423	49.407	31.282	3.162	2.965	1395.164	-0.983
0.425	49.400	31.312	3.203	2.965	1393.945	-0.984
0.426	49.407	31.288	3.252	2.949	1397.601	-0.981
0.428	49.394	31.312	3.309	2.949	1402.475	-0.981
0.429	49.407	31.282	3.350	2.957	1408.567	-0.983
0.431	49.400	31.324	3.383	2.957	1411.004	-0.983
0.432	49.400	31.300	3.424	2.965	1412.223	-0.983
0.434	49.394	31.300	3.440	2.957	1409.786	-0.983
0.436	49.400	31.294	3.489	2.957	1406.130	-0.983
0.437	49.400	31.336	3.522	2.965	1403.693	-0.983
0.439	49.400	31.312	3.555	2.965	1403.693	-0.981
0.440	49.400	31.294	3.596	2.957	1400.038	-0.983
0.442	49.394	31.318	3.620	2.957	1398.819	-0.983
0.443	49.400	31.318	3.653	2.957	1396.382	-0.980
0.445	49.394	31.318	3.686	2.957	1391.508	-0.983
0.446	49.388	31.318	3.702	2.957	1392.727	-0.983
0.448	49.394	31.336	3.710	2.957	1397.601	-0.981
0.449	49.388	31.306	3.743	2.957	1403.693	-0.984
0.451	49.394	31.324	3.776	2.965	1408.567	-0.983
0.453	49.394	31.300	3.801	2.957	1411.004	-0.981
0.454	49.388	31.336	3.833	2.957	1411.004	-0.984
0.456	49.388	31.318	3.842	2.965	1408.567	-0.983
0.457	49.382	31.336	3.866	2.957	1404.912	-0.983
0.459	49.376	31.330	3.882	2.973	1403.693	-0.983
0.460	49.382	31.312	3.899	2.957	1400.038	-0.983
0.462	49.382	31.324	3.932	2.949	1397.601	-0.984
0.463	49.382	31.336	3.940	2.957	1397.601	-0.981
0.465	49.376	31.330	3.956	2.957	1395.164	-0.983
0.467	49.376	31.312	3.973	2.965	1393.945	-0.983
0.468	49.364	31.336	4.005	2.949	1396.382	-0.983
0.470	49.364	31.312	4.005	2.957	1400.038	-0.981
0.471	49.364	31.336	4.022	2.949	1406.130	-0.983
0.473	49.376	31.300	4.046	2.957	1411.004	-0.981
0.474	49.346	31.330	4.055	2.957	1409.786	-0.980
0.476	49.327	31.318	4.087	2.957	1408.567	-0.983
0.477	49.346	31.294	4.112	2.949	1407.349	-0.983
0.479	49.352	31.300	4.136	2.949	1403.693	-0.983
0.480	49.352	31.336	4.153	2.957	1402.475	-0.981
0.482	49.358	31.318	4.153	2.957	1400.038	-0.981
0.484	49.358	31.349	4.169	2.957	1397.601	-0.983
0.485	49.352	31.330	4.194	2.957	1396.382	-0.981
0.487	49.352	31.300	4.194	2.949	1392.727	-0.983
0.488	49.346	31.330	4.210	2.957	1393.945	-0.981
0.490	49.346	31.343	4.235	2.957	1396.382	-0.981
0.491	49.346	31.330	4.243	2.949	1403.693	-0.981
0.493	49.352	31.312	4.251	2.957	1407.349	-0.983
0.494	49.346	31.343	4.259	2.957	1412.223	-0.983
0.496	49.346	31.324	4.267	2.957	1409.786	-0.983
0.498	49.340	31.336	4.292	2.965	1409.786	-0.981
0.499	49.333	31.312	4.300	2.957	1404.912	-0.984
0.501	49.340	31.336	4.308	2.957	1402.475	-0.983
0.502	49.340	31.324	4.333	2.957	1400.038	-0.983
0.504	49.333	31.355	4.325	2.957	1398.819	-0.983
0.505	49.333	31.324	4.349	2.957	1397.601	-0.983
0.507	49.333	31.361	4.358	2.957	1392.727	-0.984
0.508	49.340	31.343	4.382	2.957	1393.945	-0.984
0.510	49.333	31.306	4.382	2.957	1397.601	-0.984
0.511	49.327	31.336	4.390	2.949	1401.256	-0.983
0.513	49.327	31.324	4.407	2.957	1406.130	-0.981
0.515	49.327	31.349	4.423	2.957	1411.004	-0.984
0.516	49.321	31.336	4.423	2.949	1409.786	-0.984
0.518	49.315	31.336	4.423	2.949	1409.786	-0.983
0.519	49.321	31.324	4.431	2.957	1406.130	-0.984
0.521	49.315	31.336	4.456	2.957	1403.693	-0.984
0.522	49.327	31.330	4.464	2.957	1401.256	-0.983
0.524	49.321	31.349	4.480	2.941	1398.819	-0.984
0.525	49.315	31.324	4.480	2.949	1397.601	-0.984
0.527	49.315	31.330	4.489	2.957	1395.164	-0.983
0.529	49.315	31.336	4.489	2.965	1391.508	-0.984
0.530	49.315	31.349	4.513	2.949	1393.945	-0.983
0.532	49.309	31.343	4.505	2.949	1397.601	-0.981
0.533	49.309	31.324	4.521	2.957	1402.475	-0.983
0.535	49.297	31.343	4.538	2.957	1408.567	-0.983
0.536	49.297	31.312	4.538	2.965	1411.004	-0.984
0.538	49.297	31.343	4.546	2.957	1408.567	-0.984
0.539	49.291	31.336	4.571	2.965	1407.349	-0.983
0.541	49.297	31.355	4.571	2.949	1404.912	-0.984
0.542	49.297	31.343	4.571	2.957	1402.475	-0.983
0.544	49.291	31.336	4.587	2.957	1401.256	-0.984
0.546	49.285	31.324	4.587	2.957	1398.819	-0.983
0.547	49.291	31.361	4.611	2.949	1395.164	-0.984
0.549	49.285	31.336	4.611	2.957	1393.945	-0.984
0.550	49.285	31.336	4.620	2.957	1395.164	-0.984
0.552	28.731	31.336	4.620	2.957	1408.567	-0.978
0.553	1.230	31.312	4.497	2.949	1403.693	-0.981
0.555	-0.116	31.330	4.341	2.949	1404.912	-0.984
0.556	-0.207	31.349	4.194	2.949	1411.004	-0.984
0.558	-0.213	31.349	4.055	2.957	1411.004	-0.981
0.560	-0.213	31.336	3.923	2.957	1411.004	-0.984
0.561	-0.219	31.355	3.817	2.957	1406.130	-0.984
0.563	-0.207	31.330	3.710	2.965	1404.912	-0.984
0.564	-0.213	31.349	3.604	2.949	1401.256	-0.983
0.566	-0.219	31.324	3.522	2.957	1400.038	-0.983
0.567	-0.225	31.349	3.432	2.949	1397.601	-0.984
0.569	-0.213	31.336	3.342	2.949	1395.164	-0.984
0.570	-0.213	31.361	3.260	2.949	1393.945	-0.983
0.572	-0.213	31.355	3.194	2.957	1393.945	-0.986
0.573	-0.213	31.349	3.121	2.957	1397.601	-0.984
0.575	-0.207	31.343	3.047	2.957	1403.693	-0.984
0.577	-0.207	31.367	2.981	2.957	1407.349	-0.985
0.578	-19.939	31.379	2.916	2.957	1415.878	-0.984
0.580	-1.784	31.367	2.842	2.957	1407.349	-0.986
0.581	-0.347	31.361	2.793	2.949	1406.130	-0.986
0.583	-0.231	31.343	2.736	2.957	1403.693	-0.985
0.584	-0.207	31.367	2.687	2.949	1403.693	-0.984
0.586	-0.183	31.355	2.637	2.957	1401.256	-0.986
0.587	-0.195	31.367	2.588	2.957	1398.819	-0.984
0.589	-0.195	31.336	2.539	2.949	1396.382	-0.988
0.591	-0.189	31.379	2.490	2.965	1395.164	-0.983
0.592	-0.177	31.336	2.449	2.949	1393.945	-0.983
0.594	-0.177	31.367	2.416	2.957	1397.601	-0.984
0.595	-0.177	31.355	2.367	2.965	1401.256	-0.985
0.597	-0.177	31.361	2.359	2.949	1406.130	-0.985
0.598	-0.183	31.349	2.302	2.949	1411.004	-0.984
0.600	-0.170	31.355	2.277	2.957	1411.004	-0.985
0.601	-0.177	31.361	2.244	2.965	1409.786	-0.984
0.603	-0.177	31.367	2.203	2.949	1406.130	-0.981
0.604	42.174	31.361	2.220	2.949	1406.130	-0.984
0.606	49.102	31.355	2.334	2.957	1400.038	-0.985
0.608	49.400	31.361	2.433	2.949	1401.256	-0.981
0.609	49.419	31.343	2.523	2.957	1398.819	-0.984
0.611	49.413	31.373	2.621	2.965	1396.382	-0.985
0.612	49.419	31.355	2.703	2.949	1392.727	-0.985
0.614	49.419	31.361	2.769	2.949	1392.727	-0.983
0.615	49.413	31.343	2.826	2.949	1397.601	-0.985
0.617	49.413	31.385	2.908	2.941	1403.693	-0.983
0.618	49.407	31.355	2.973	2.965	1407.349	-0.983
0.620	49.413	31.336	3.022	2.957	1409.786	-0.983
0.622	49.413	31.349	3.063	2.949	1409.786	-0.984
0.623	49.425	31.361	3.113	2.949	1406.130	-0.984
0.625	49.413	31.361	3.170	2.949	1406.130	-0.984
0.626	49.413	31.343	3.219	2.949	1402.475	-0.983
0.628	49.419	31.361	3.252	2.957	1401.256	-0.984
0.629	49.407	31.361	3.293	2.941	1398.819	-0.981
0.631	49.407	31.379	3.350	2.941	1395.164	-0.983
0.632	49.413	31.336	3.391	2.949	1395.164	-0.983
0.634	49.419	31.379	3.424	2.949	1393.945	-0.983
0.635	49.407	31.361	3.457	2.957	1396.382	-0.983
0.637	49.400	31.361	3.498	2.949	1403.693	-0.983
0.639	49.407	31.343	3.514	2.957	1406.130	-0.983
0.640	49.400	31.367	3.555	2.957	1411.004	-0.983
0.642	49.400	31.343	3.588	2.941	1411.004	-0.983
0.643	49.413	31.349	3.620	2.949	1408.567	-0.983
0.645	49.394	31.355	3.645	2.957	1407.349	-0.983
0.646	49.400	31.391	3.670	2.965	1404.912	-0.983
0.648	49.407	31.373	3.686	2.965	1401.256	-0.983
0.649	49.394	31.343	3.710	2.965	1400.038	-0.981
0.651	49.394	31.361	3.735	2.949	1396.382	-0.984
0.653	49.407	31.373	3.751	2.941	1396.382	-0.981
0.654	49.394	31.367	3.776	2.941	1392.727	-0.983
0.656	49.394	31.343	3.801	2.949	1393.945	-0.983
0.657	49.400	31.367	3.817	2.957	1397.601	-0.983
0.659	49.394	31.343	3.833	2.949	1402.475	-0.983
0.660	49.388	31.373	3.850	2.949	1407.349	-0.983
0.662	49.394	31.361	3.874	2.957	1409.786	-0.983
0.663	49.400	31.385	3.907	2.957	1411.004	-0.983
0.665	49.388	31.361	3.915	2.949	1407.349	-0.983
0.666	49.382	31.361	3.923	2.957	1404.912	-0.983
0.668	49.394	31.355	3.948	2.957	1401.256	-0.984
0.670	49.388	31.373	3.964	2.957	1400.038	-0.981
0.671	49.376	31.367	3.981	2.949	1397.601	-0.983
0.673	49.376	31.361	4.005	2.957	1396.382	-0.983
0.674	49.376	31.379	4.014	2.949	1393.945	-0.984
0.676	49.364	31.355	4.030	2.949	1393.945	-0.983
0.677	49.333	31.379	4.071	2.957	1395.164	-0.983
0.679	49.364	31.349	4.095	2.941	1402.475	-0.983
0.680	49.364	31.379	4.104	2.965	1407.349	-0.983
0.682	49.364	31.361	4.120	2.941	1412.223	-0.983
0.684	49.370	31.385	4.136	2.949	1411.004	-0.981
0.685	49.358	31.361	4.153	2.957	1409.786	-0.981
0.687	49.364	31.373	4.161	2.941	1407.349	-0.980
0.688	49.364	31.361	4.169	2.949	1406.130	-0.983
0.690	49.364	31.379	4.177	2.949	1403.693	-0.980
0.691	49.364	31.373	4.194	2.949	1401.256	-0.983
0.693	49.364	31.373	4.210	2.949	1398.819	-0.983
0.694	49.358	31.385	4.218	2.949	1395.164	-0.983
0.696	49.358	31.349	4.218	2.949	1393.945	-0.983
0.697	49.352	31.379	4.243	2.949	1392.727	-0.984
0.699	49.358	31.373	4.243	2.949	1397.601	-0.984
0.701	49.352	31.397	4.259	2.957	1402.475	-0.984
0.702	49.352	31.373	4.267	2.965	1407.349	-0.984
0.704	49.352	31.379	4.284	2.949	1412.223	-0.983
0.705	49.352	31.361	4.300	2.949	1408.567	-0.983
0.707	49.358	31.391	4.317	2.941	1408.567	-0.983
0.708	49.340	31.367	4.325	2.949	1404.912	-0.983
0.710	49.346	31.403	4.325	2.957	1401.256	-0.985
0.711	49.346	31.385	4.341	2.957	1401.256	-0.981
0.713	49.346	31.397	4.349	2.957	1397.601	-0.984
0.715	49.340	31.391	4.358	2.949	1396.382	-0.984
0.716	49.327	31.367	4.366	2.957	1392.727	-0.983
0.718	49.333	31.385	4.374	2.949	1396.382	-0.983
0.719	49.333	31.373	4.382	2.949	1396.382	-0.984
0.721	49.340	31.391	4.399	2.957	1402.475	-0.981
0.722	49.327	31.373	4.399	2.957	1404.912	-0.981
0.724	49.327	31.391	4.415	2.957	1411.004	-0.981
0.725	49.333	31.367	4.423	2.941	1411.004	-0.980
0.727	49.321	31.397	4.448	2.957	1409.786	-0.983
0.728	49.333	31.379	4.439	2.957	1406.130	-0.981
0.730	49.321	31.385	4.448	2.941	1403.693	-0.983
0.732	49.321	31.373	4.464	2.949	1403.693	-0.981
0.733	49.315	31.349	4.464	2.957	1400.038	-0.984
0.735	49.309	31.373	4.480	2.941	1400.038	-0.984
0.736	49.315	31.379	4.480	2.957	1396.382	-0.984
0.738	49.315	31.373	4.497	2.957	1391.508	-0.984
0.739	49.309	31.361	4.497	2.949	1392.727	-0.983
0.741	49.315	31.373	4.505	2.949	1398.819	-0.983
0.742	49.309	31.385	4.513	2.957	1402.475	-0.983
0.744	49.303	31.391	4.530	2.949	1407.349	-0.984
0.746	49.303	31.361	4.538	2.957	1411.004	-0.983
0.747	49.303	31.397	4.546	2.949	1407.349	-0.984
0.749	49.303	31.361	4.554	2.949	1406.130	-0.983
0.750	49.303	31.397	4.571	2.949	1402.475	-0.984
0.752	49.309	31.379	4.562	2.949	1403.693	-0.983
0.753	22.667	31.403	4.562	2.957	1402.475	-0.986
0.755	0.950	31.373	4.431	2.949	1400.038	-0.983
0.756	-0.122	31.373	4.284	2.949	1395.164	-0.985
0.758	-0.201	31.379	4.145	2.949	1393.945	-0.984
0.759	-0.219	31.343	4.005	2.957	1393.945	-0.984
0.761	-0.219	31.373	3.882	2.949	1396.382	-0.983
0.763	-0.213	31.385	3.768	2.949	1402.475	-0.983
0.764	-0.213	31.379	3.678	2.949	1406.130	-0.984
0.766	-0.213	31.355	3.571	2.949	1411.004	-0.983
0.767	-0.213	31.379	3.473	2.949	1411.004	-0.984
0.769	-0.213	31.361	3.383	2.957	1409.786	-0.983
0.770	-0.207	31.379	3.317	2.941	1407.349	-0.981
0.772	-0.207	31.385	3.227	2.957	1404.912	-0.983
0.773	-0.219	31.385	3.154	2.957	1402.475	-0.984
0.775	-0.201	31.355	3.080	2.941	1400.038	-0.984
0.777	-0.201	31.397	3.022	2.949	1397.601	-0.984
0.778	-0.207	31.385	2.949	2.957	1393.945	-0.983
0.780	-20.877	31.410	2.908	2.941	1397.601	-0.978
0.781	-1.473	31.385	2.818	2.941	1390.290	-0.988
0.783	-0.335	31.355	2.777	2.941	1398.819	-0.981
0.784	-0.231	31.361	2.703	2.957	1403.693	-0.981
0.786	-0.201	31.385	2.670	2.949	1407.349	-0.984
0.787	-0.189	31.385	2.613	2.957	1409.786	-0.984
0.789	-0.183	31.367	2.572	2.949	1411.004	-0.985
0.790	-0.195	31.385	2.515	2.949	1406.130	-0.984
0.792	-0.189	31.355	2.465	2.949	1406.130	-0.983
0.794	-0.183	31.343	2.425	2.949	1403.693	-0.984
0.795	-0.177	31.343	2.400	2.949	1400.038	-0.984
0.797	-0.189	31.373	2.359	2.949	1397.601	-0.984
0.798	-0.177	31.343	2.326	2.957	1397.601	-0.983
0.800	-0.170	31.355	2.285	2.949	1393.945	-0.985
0.801	-0.177	31.343	2.253	2.949	1393.945	-0.984
0.803	-0.177	31.379	2.203	2.949	1396.382	-0.985
0.804	-0.201	31.373	2.179	2.949	1401.256	-0.983
0.806	43.653	31.343	2.203	2.949	1407.349	-0.984
0.808	49.187	31.349	2.334	2.949	1411.004	-0.984
0.809	49.407	31.330	2.425	2.949	1412.223	-0.983
0.811	49.419	31.361	2.523	2.949	1408.567	-0.985
0.812	49.419	31.361	2.605	2.941	1406.130	-0.985
0.814	49.425	31.361	2.678	2.949	1403.693	-0.983
0.815	49.431	31.330	2.752	2.949	1401.256	-0.983
0.817	49.425	31.373	2.809	2.965	1401.256	-0.983
0.818	49.419	31.355	2.875	2.949	1398.819	-0.984
0.820	49.425	31.385	2.941	2.957	1395.164	-0.985
0.821	49.419	31.367	2.998	2.949	1393.945	-0.984
0.823	49.419	31.361	3.055	2.941	1391.508	-0.985
0.825	49.431	31.355	3.088	2.949	1396.382	-0.983
0.826	49.419	31.367	3.145	2.957	1401.256	-0.984
0.828	49.413	31.361	3.186	2.957	1407.349	-0.983
0.829	49.419	31.361	3.235	2.949	1409.786	-0.984
0.831	49.419	31.367	3.285	2.949	1409.786	-0.983
0.832	49.413	31.355	3.309	2.957	1404.912	-0.985
0.834	49.413	31.367	3.358	2.949	1404.912	-0.984
0.835	49.413	31.336	3.399	2.949	1403.693	-0.984
0.837	49.413	31.361	3.424	2.957	1398.819	-0.983
0.839	49.413	31.343	3.465	2.941	1398.819	-0.983
0.840	49.407	31.367	3.498	2.949	1396.382	-0.983
0.842	49.419	31.349	3.530	2.941	1395.164	-0.981
0.843	49.407	31.367	3.563	2.957	1393.945	-0.984
0.845	49.407	31.349	3.596	2.949	1396.382	-0.983
0.846	49.407	31.355	3.612	2.949	1401.256	-0.983
0.848	49.407	31.355	3.637	2.941	1406.130	-0.981
0.849	49.400	31.330	3.661	2.949	1411.004	-0.984
0.851	49.400	31.349	3.686	2.949	1411.004	-0.983
0.852	49.407	31.367	3.727	2.941	1408.567	-0.981
0.854	49.394	31.361	3.751	2.949	1406.130	-0.981
0.856	49.394	31.349	3.760	2.941	1404.912	-0.980
0.857	49.400	31.361	3.776	2.941	1402.475	-0.983
0.859	49.394	31.349	3.809	2.957	1400.038	-0.983
0.860	49.400	31.361	3.825	2.949	1397.601	-0.983
0.862	49.388	31.336	3.850	2.941	1395.164	-0.983
0.863	49.394	31.367	3.874	2.941	1391.508	-0.981
0.865	49.388	31.330	3.891	2.941	1395.164	-0.983
0.866	49.388	31.312	3.899	2.941	1397.601	-0.984
0.868	49.394	31.330	3.923	2.957	1402.475	-0.984
0.870	49.388	31.355	3.932	2.949	1408.567	-0.984
0.871	49.388	31.343	3.948	2.949	1411.004	-0.981
0.873	49.382	31.355	3.964	2.949	1409.786	-0.983
0.874	49.388	31.343	3.981	2.949	1408.567	-0.984
0.876	49.382	31.355	3.989	2.949	1404.912	-0.984
0.877	49.364	31.355	4.030	2.949	1401.256	-0.983
0.879	49.333	31.318	4.055	2.949	1400.038	-0.985
0.880	49.370	31.355	4.079	2.941	1398.819	-0.984
0.882	49.370	31.330	4.079	2.949	1395.164	-0.983
0.883	49.364	31.355	4.104	2.941	1393.945	-0.981
0.885	49.370	31.330	4.120	2.957	1393.945	-0.985
0.887	49.370	31.361	4.128	2.949	1397.601	-0.983
0.888	49.370	31.336	4.128	2.949	1400.038	-0.983
0.890	49.370	31.324	4.161	2.957	1404.912	-0.984
0.891	49.370	31.330	4.169	2.949	1409.786	-0.983
0.893	49.370	31.349	4.177	2.941	1411.004	-0.983
0.894	49.358	31.336	4.186	2.941	1408.567	-0.983
0.896	49.358	31.330	4.210	2.941	1406.130	-0.983
0.897	49.352	31.349	4.218	2.957	1404.912	-0.983
0.899	49.358	31.318	4.235	2.941	1402.475	-0.985
0.901	49.346	31.343	4.235	2.949	1401.256	-0.984
0.902	49.358	31.343	4.259	2.957	1397.601	-0.984
0.904	49.346	31.349	4.267	2.941	1398.819	-0.984
0.905	49.346	31.318	4.267	2.941	1391.508	-0.984
0.907	49.352	31.361	4.284	2.941	1392.727	-0.984
0.908	49.346	31.330	4.284	2.941	1396.382	-0.985
0.910	49.346	31.324	4.300	2.941	1401.256	-0.983
0.911	49.346	31.324	4.308	2.949	1407.349	-0.984
0.913	49.346	31.349	4.317	2.949	1412.223	-0.984
0.914	49.340	31.330	4.341	2.949	1409.786	-0.983
0.916	49.346	31.343	4.341	2.957	1404.912	-0.984
0.918	49.340	31.343	4.349	2.941	1404.912	-0.985
0.919	49.333	31.300	4.358	2.949	1402.475	-0.988
0.921	49.327	31.343	4.390	2.949	1401.256	-0.985
0.922	49.333	31.312	4.382	2.949	1397.601	-0.986
0.924	49.333	31.336	4.390	2.949	1396.382	-0.988
0.925	49.333	31.306	4.407	2.949	1393.945	-0.985
0.927	49.327	31.324	4.415	2.932	1393.945	-0.985
0.928	49.333	31.294	4.423	2.941	1395.164	-0.988
0.930	49.327	31.330	4.431	2.965	1401.256	-0.984
0.932	49.327	31.312	4.448	2.949	1407.349	-0.984
0.933	49.315	31.300	4.448	2.949	1409.786	-0.985
0.935	49.321	31.300	4.464	2.957	1411.004	-0.984
0.936	49.315	31.336	4.472	2.949	1409.786	-0.984
0.938	49.315	31.330	4.480	2.949	1407.349	-0.985
0.939	49.321	31.324	4.472	2.941	1404.912	-0.984
0.941	49.315	31.324	4.497	2.949	1402.475	-0.985
0.942	49.309	31.300	4.505	2.949	1401.256	-0.984
0.944	49.315	31.318	4.505	2.941	1397.601	-0.984
0.945	49.315	31.300	4.513	2.949	1393.945	-0.986
0.947	49.309	31.312	4.538	2.949	1392.727	-0.984
0.949	49.303	31.294	4.530	2.957	1392.727	-0.986
0.950	49.309	31.324	4.538	2.949	1396.382	-0.985
0.952	49.303	31.300	4.554	2.957	1402.475	-0.986
0.953	49.303	31.306	4.562	2.932	1408.567	-0.986
0.955	17.875	31.312	4.546	2.941	1406.130	-0.991
0.956	0.718	31.263	4.407	2.957	1408.567	-0.985
0.958	-0.146	31.288	4.267	2.949	1406.130	-0.988
0.959	-0.201	31.318	4.120	2.949	1403.693	-0.986
0.961	-0.213	31.306	3.989	2.949	1403.693	-0.988
0.963	-0.219	31.282	3.866	2.957	1398.819	-0.986
0.964	-0.213	31.312	3.760	2.941	1396.382	-0.986
0.966	-0.213	31.288	3.653	2.941	1395.164	-0.984
0.967	-0.213	31.306	3.555	2.941	1393.945	-0.986
0.969	-0.219	31.294	3.465	2.949	1393.945	-0.988
0.970	-0.213	31.300	3.375	2.949	1397.601	-0.985
0.972	-0.213	31.276	3.301	2.941	1401.256	-0.986
0.973	-0.213	31.294	3.219	2.949	1406.130	-0.986
0.975	-0.213	31.282	3.145	2.957	1412.223	-0.988
0.976	-0.201	31.282	3.080	2.941	1411.004	-0.985
0.978	-0.207	31.288	3.006	2.957	1409.786	-0.985
0.980	-0.207	31.269	2.941	2.949	1408.567	-0.985
0.981	-18.186	31.300	2.900	2.949	1398.819	-0.988
0.983	-1.236	31.269	2.801	2.949	1400.038	-0.988
0.984	-0.323	31.282	2.744	2.941	1402.475	-0.984
0.986	-0.225	31.251	2.703	2.941	1401.256	-0.986
0.987	-0.195	31.282	2.637	2.941	1395.164	-0.985
0.989	-0.195	31.245	2.597	2.957	1391.508	-0.986
0.990	-0.189	31.282	2.539	2.949	1393.945	-0.985
0.992	-0.195	31.263	2.515	2.941	1397.601	-0.989
0.994	-0.177	31.263	2.474	2.949	1402.475	-0.986
0.995	-0.177	31.257	2.433	2.949	1407.349	-0.984
0.997	-0.177	31.294	2.384	2.949	1413.441	-0.986
0.998	-0.177	31.276	2.343	2.941	1407.349	-0.986
1.000	-0.170	31.263	2.318	2.941	1406.130	-0.988
1.001	-0.177	31.269	2.277	2.941	1403.693	-0.986
1.003	-0.183	31.233	2.236	2.949	1402.475	-0.985
1.004	-0.170	31.263	2.203	2.949	1401.256	-0.985
1.006	-0.268	31.239	2.179	2.932	1397.601	-0.986
1.007	44.846	31.269	2.203	2.941	1396.382	-0.986
1.009	49.242	31.251	2.326	2.949	1393.945	-0.985
1.011	49.413	31.263	2.425	2.949	1395.164	-0.983
1.012	49.431	31.251	2.515	2.941	1395.164	-0.985
1.014	49.425	31.288	2.588	2.949	1400.038	-0.985
1.015	49.425	31.263	2.670	2.949	1406.130	-0.986
1.017	49.431	31.251	2.752	2.941	1409.786	-0.985
1.018	49.431	31.257	2.809	2.941	1409.786	-0.985
1.020	49.425	31.251	2.875	2.949	1408.567	-0.984
1.021	49.419	31.263	2.941	2.941	1408.567	-0.985
1.023	49.431	31.215	2.998	2.941	1406.130	-0.983
1.025	49.425	31.251	3.047	2.949	1402.475	-0.985
1.026	49.413	31.227	3.113	2.941	1400.038	-0.984
1.028	49.425	31.257	3.137	2.949	1398.819	-0.985
1.029	49.419	31.239	3.194	2.941	1395.164	-0.983
1.031	49.419	31.227	3.235	2.949	1391.508	-0.986
1.032	49.419	31.215	3.276	2.941	1392.727	-0.984
1.034	49.407	31.221	3.317	2.957	1397.601	-0.983
1.035	49.407	31.215	3.350	2.941	1403.693	-0.985
1.037	49.413	31.233	3.383	2.949	1407.349	-0.985
1.038	49.413	31.221	3.416	2.941	1412.223	-0.984
1.040	49.413	31.203	3.457	2.949	1408.567	-0.985
1.042	49.413	31.227	3.489	2.957	1406.130	-0.985
1.043	49.413	31.203	3.522	2.941	1402.475	-0.986
1.045	49.413	31.221	3.571	2.941	1401.256	-0.985
1.046	49.407	31.190	3.588	2.941	1397.601	-0.986
1.048	49.407	31.203	3.629	2.932	1396.382	-0.985
1.049	49.407	31.184	3.645	2.941	1396.382	-0.984
1.051	49.400	31.209	3.670	2.941	1393.945	-0.985
1.052	49.400	31.184	3.686	2.941	1393.945	-0.984
1.054	49.400	31.166	3.710	2.949	1396.382	-0.985
1.056	49.407	31.184	3.727	2.949	1400.038	-0.984
1.057	49.394	31.166	3.760	2.941	1406.130	-0.984
1.059	49.400	31.190	3.784	2.941	1409.786	-0.984
1.060	49.388	31.166	3.809	2.949	1409.786	-0.984
