Time (ms)	Ch1 V	Ch2 V	Ch1 A	Ch2 A	RPM	Torque
0.000	6.539	-31.738	2.932	-2.834	1432.937	0.760
0.002	0.377	-31.744	2.859	-2.834	1434.155	0.757
0.003	0.146	-31.732	2.801	-2.850	1432.937	0.753
0.005	0.164	-31.757	2.752	-2.834	1432.937	0.751
0.006	0.177	-31.738	2.703	-2.842	1432.937	0.752
0.008	0.195	-31.757	2.629	-2.842	1429.281	0.753
0.009	0.183	-31.738	2.597	-2.850	1426.844	0.754
0.011	0.183	-31.775	2.547	-2.842	1424.407	0.753
0.012	0.189	-31.757	2.515	-2.834	1421.970	0.753
0.014	0.183	-31.738	2.465	-2.850	1421.970	0.754
0.015	0.189	-31.750	2.408	-2.842	1413.441	0.752
0.017	0.183	-31.750	2.392	-2.842	1417.097	0.753
0.019	0.177	-31.763	2.351	-2.842	1419.533	0.752
0.020	0.189	-31.750	2.302	-2.842	1426.844	0.753
0.022	0.177	-31.775	2.277	-2.842	1430.500	0.753
0.023	0.262	-31.750	2.244	-2.834	1434.155	0.752
0.025	-44.140	-31.775	2.261	-2.850	1432.937	0.752
0.026	-49.133	-31.763	2.375	-2.842	1431.718	0.751
0.028	-49.376	-31.781	2.482	-2.842	1430.500	0.753
0.029	-49.413	-31.750	2.556	-2.842	1428.063	0.751
0.031	-49.413	-31.775	2.646	-2.850	1423.189	0.752
0.033	-49.431	-31.750	2.703	-2.842	1421.970	0.752
0.034	-49.431	-31.793	2.793	-2.842	1421.970	0.754
0.036	-49.425	-31.781	2.850	-2.850	1418.315	0.752
0.037	-49.425	-31.811	2.924	-2.842	1418.315	0.752
0.039	-49.425	-31.787	2.990	-2.850	1418.315	0.753
0.040	-49.419	-31.775	3.031	-2.850	1424.407	0.753
0.042	-49.419	-31.787	3.072	-2.842	1426.844	0.751
0.043	-49.425	-31.781	3.137	-2.850	1432.937	0.750
0.045	-49.419	-31.793	3.194	-2.842	1435.374	0.750
0.046	-49.425	-31.769	3.211	-2.842	1432.937	0.753
0.048	-49.419	-31.793	3.276	-2.834	1430.500	0.752
0.050	-49.413	-31.781	3.309	-2.842	1428.063	0.750
0.051	-49.419	-31.787	3.350	-2.850	1428.063	0.752
0.053	-49.419	-31.781	3.399	-2.842	1424.407	0.751
0.054	-49.431	-31.805	3.424	-2.834	1420.752	0.753
0.056	-49.425	-31.787	3.457	-2.859	1418.315	0.752
0.057	-49.419	-31.805	3.489	-2.842	1414.660	0.752
0.059	-49.413	-31.787	3.522	-2.834	1418.315	0.752
0.060	-49.419	-31.793	3.563	-2.850	1421.970	0.752
0.062	-49.413	-31.799	3.579	-2.834	1428.063	0.751
0.064	-49.407	-31.805	3.620	-2.850	1432.937	0.752
0.065	-49.419	-31.805	3.637	-2.834	1432.937	0.752
0.067	-49.413	-31.781	3.661	-2.842	1431.718	0.753
0.068	-49.407	-31.811	3.702	-2.850	1430.500	0.751
0.070	-49.413	-31.793	3.710	-2.842	1428.063	0.753
0.071	-49.413	-31.811	3.743	-2.850	1425.626	0.753
0.073	-49.407	-31.787	3.768	-2.850	1421.970	0.752
0.074	-49.407	-31.811	3.784	-2.850	1421.970	0.751
0.076	-49.413	-31.799	3.809	-2.842	1418.315	0.752
0.077	-49.400	-31.830	3.833	-2.842	1418.315	0.751
0.079	-49.394	-31.824	3.842	-2.842	1417.097	0.751
0.081	-49.400	-31.817	3.858	-2.850	1421.970	0.751
0.082	-49.407	-31.811	3.882	-2.842	1425.626	0.750
0.084	-49.394	-31.811	3.907	-2.842	1430.500	0.751
0.085	-49.388	-31.811	3.932	-2.850	1434.155	0.752
0.087	-49.352	-31.830	3.948	-2.834	1435.374	0.751
0.088	-49.370	-31.830	3.964	-2.842	1432.937	0.752
0.090	-49.382	-31.805	3.989	-2.834	1429.281	0.752
0.091	-49.376	-31.836	4.014	-2.850	1429.281	0.751
0.093	-49.382	-31.824	4.022	-2.859	1424.407	0.751
0.095	-49.382	-31.842	4.030	-2.850	1420.752	0.751
0.096	-49.382	-31.830	4.055	-2.850	1420.752	0.752
0.098	-49.388	-31.836	4.079	-2.850	1411.004	0.750
0.099	-49.376	-31.830	4.087	-2.850	1414.660	0.751
0.101	-49.382	-31.842	4.104	-2.842	1419.533	0.754
0.102	-49.382	-31.836	4.128	-2.850	1424.407	0.752
0.104	-49.370	-31.817	4.136	-2.850	1429.281	0.752
0.105	-49.376	-31.824	4.145	-2.850	1432.937	0.753
0.107	-49.370	-31.860	4.153	-2.850	1434.155	0.752
0.108	-49.364	-31.854	4.153	-2.842	1431.718	0.752
0.110	-49.370	-31.836	4.177	-2.842	1428.063	0.752
0.112	-49.370	-31.854	4.169	-2.859	1425.626	0.751
0.113	-49.364	-31.824	4.186	-2.859	1426.844	0.751
0.115	-49.364	-31.848	4.194	-2.859	1420.752	0.751
0.116	-49.364	-31.842	4.227	-2.842	1419.533	0.752
0.118	-49.364	-31.848	4.235	-2.850	1419.533	0.751
0.119	-49.364	-31.842	4.251	-2.850	1418.315	0.752
0.121	-49.358	-31.842	4.259	-2.850	1419.533	0.753
0.122	-49.358	-31.830	4.276	-2.842	1423.189	0.751
0.124	-49.364	-31.860	4.284	-2.850	1428.063	0.751
0.126	-49.358	-31.842	4.292	-2.859	1435.374	0.751
0.127	-49.358	-31.872	4.300	-2.850	1435.374	0.751
0.129	-49.352	-31.854	4.317	-2.842	1434.155	0.751
0.130	-49.352	-31.842	4.317	-2.850	1430.500	0.752
0.132	-49.352	-31.860	4.333	-2.850	1428.063	0.751
0.133	-49.346	-31.872	4.341	-2.842	1425.626	0.752
0.135	-49.346	-31.866	4.349	-2.850	1421.970	0.752
0.136	-49.340	-31.854	4.358	-2.850	1420.752	0.751
0.138	-49.346	-31.878	4.374	-2.850	1418.315	0.753
0.139	-49.346	-31.854	4.390	-2.850	1414.660	0.752
0.141	-49.340	-31.872	4.390	-2.850	1417.097	0.752
0.143	-49.346	-31.854	4.407	-2.850	1421.970	0.752
0.144	-49.340	-31.878	4.407	-2.850	1425.626	0.753
0.146	-49.340	-31.866	4.423	-2.850	1431.718	0.753
0.147	-49.327	-31.860	4.423	-2.850	1435.374	0.753
0.149	-49.333	-31.860	4.439	-2.842	1432.937	0.753
0.150	-49.333	-31.854	4.448	-2.859	1430.500	0.751
0.152	-49.333	-31.860	4.464	-2.850	1429.281	0.752
0.153	-49.327	-31.878	4.464	-2.850	1425.626	0.751
0.155	-49.333	-31.860	4.464	-2.842	1424.407	0.752
0.157	-49.321	-31.848	4.456	-2.842	1420.752	0.751
0.158	-49.321	-31.872	4.505	-2.850	1419.533	0.752
0.160	-49.321	-31.884	4.497	-2.850	1417.097	0.753
0.161	-49.327	-31.878	4.505	-2.850	1417.097	0.752
0.163	-49.321	-31.866	4.513	-2.842	1421.970	0.752
0.164	-49.321	-31.884	4.521	-2.850	1425.626	0.754
0.166	-49.321	-31.866	4.538	-2.850	1432.937	0.752
0.167	-49.309	-31.890	4.538	-2.850	1435.374	0.752
0.169	-49.315	-31.878	4.546	-2.842	1434.155	0.752
0.170	-49.309	-31.872	4.530	-2.850	1434.155	0.754
0.172	-49.309	-31.884	4.571	-2.842	1429.281	0.753
0.174	-49.309	-31.860	4.571	-2.850	1424.407	0.751
0.175	-34.088	-31.897	4.571	-2.842	1431.718	0.760
0.177	-1.370	-31.921	4.456	-2.842	1424.407	0.754
0.178	0.140	-31.890	4.300	-2.850	1420.752	0.752
0.180	0.219	-31.878	4.161	-2.859	1413.441	0.754
0.181	0.219	-31.897	4.030	-2.842	1414.660	0.754
0.183	0.219	-31.890	3.899	-2.850	1419.533	0.751
0.184	0.213	-31.890	3.784	-2.842	1423.189	0.754
0.186	0.213	-31.872	3.686	-2.859	1428.063	0.752
0.188	0.213	-31.903	3.579	-2.859	1432.937	0.752
0.189	0.207	-31.884	3.489	-2.850	1434.155	0.752
0.191	0.213	-31.872	3.416	-2.850	1431.718	0.753
0.192	0.201	-31.872	3.334	-2.850	1428.063	0.753
0.194	0.201	-31.909	3.244	-2.842	1426.844	0.753
0.195	0.189	-31.890	3.170	-2.834	1424.407	0.752
0.197	0.201	-31.897	3.104	-2.842	1423.189	0.753
0.198	0.201	-31.897	3.039	-2.842	1420.752	0.753
0.200	0.201	-31.897	2.965	-2.834	1420.752	0.753
0.201	5.163	-31.903	2.916	-2.850	1420.752	0.756
0.203	0.335	-31.897	2.826	-2.850	1421.970	0.756
0.205	0.140	-31.897	2.785	-2.850	1424.407	0.751
0.206	0.164	-31.878	2.711	-2.842	1426.844	0.750
0.208	0.183	-31.909	2.662	-2.850	1432.937	0.752
0.209	0.189	-31.897	2.629	-2.842	1435.374	0.753
0.211	0.177	-31.909	2.572	-2.859	1431.718	0.751
0.212	0.183	-31.890	2.531	-2.850	1429.281	0.752
0.214	0.183	-31.921	2.498	-2.842	1426.844	0.754
0.215	0.183	-31.909	2.449	-2.850	1426.844	0.754
0.217	0.189	-31.903	2.416	-2.850	1424.407	0.753
0.219	0.183	-31.903	2.367	-2.859	1420.752	0.753
0.220	0.183	-31.933	2.334	-2.842	1419.533	0.754
0.222	0.177	-31.915	2.285	-2.842	1415.878	0.754
0.223	0.177	-31.915	2.253	-2.850	1418.315	0.752
0.225	0.353	-31.921	2.220	-2.842	1419.533	0.753
0.226	-45.193	-31.903	2.253	-2.859	1426.844	0.753
0.228	-49.193	-31.927	2.375	-2.850	1431.718	0.754
0.229	-49.388	-31.921	2.457	-2.850	1435.374	0.754
0.231	-49.413	-31.903	2.556	-2.850	1431.718	0.751
0.232	-49.425	-31.897	2.646	-2.850	1429.281	0.752
0.234	-49.425	-31.933	2.728	-2.850	1428.063	0.752
0.236	-49.425	-31.909	2.785	-2.850	1425.626	0.752
0.237	-49.419	-31.915	2.850	-2.850	1424.407	0.753
0.239	-49.419	-31.915	2.916	-2.859	1419.533	0.752
0.240	-49.425	-31.927	2.973	-2.842	1420.752	0.752
0.242	-49.425	-31.927	3.022	-2.859	1417.097	0.751
0.243	-49.413	-31.915	3.080	-2.859	1417.097	0.751
0.245	-49.425	-31.921	3.129	-2.850	1421.970	0.752
0.246	-49.425	-31.927	3.178	-2.850	1425.626	0.750
0.248	-49.425	-31.939	3.219	-2.850	1429.281	0.751
0.250	-49.431	-31.915	3.252	-2.859	1432.937	0.751
0.251	-49.419	-31.927	3.301	-2.867	1435.374	0.753
0.253	-49.425	-31.915	3.334	-2.842	1437.811	0.753
0.254	-49.425	-31.945	3.383	-2.850	1430.500	0.752
0.256	-49.419	-31.927	3.416	-2.842	1428.063	0.751
0.257	-49.419	-31.945	3.457	-2.859	1425.626	0.751
0.259	-49.419	-31.933	3.489	-2.850	1424.407	0.751
0.260	-49.419	-31.933	3.538	-2.850	1420.752	0.752
0.262	-49.419	-31.939	3.555	-2.850	1417.097	0.752
0.263	-49.413	-31.939	3.596	-2.842	1415.878	0.752
0.265	-49.413	-31.927	3.604	-2.850	1419.533	0.751
0.267	-49.419	-31.933	3.629	-2.850	1423.189	0.752
0.268	-49.413	-31.933	3.653	-2.850	1429.281	0.752
0.270	-49.413	-31.927	3.686	-2.850	1432.937	0.752
0.271	-49.413	-31.939	3.710	-2.842	1434.155	0.752
0.273	-49.407	-31.927	3.751	-2.850	1431.718	0.751
0.274	-49.407	-31.939	3.760	-2.850	1429.281	0.752
0.276	-49.400	-31.921	3.776	-2.842	1425.626	0.751
0.277	-49.413	-31.945	3.792	-2.850	1426.844	0.752
0.279	-49.394	-31.933	3.817	-2.850	1423.189	0.751
0.281	-49.400	-31.939	3.842	-2.859	1419.533	0.752
0.282	-49.400	-31.927	3.866	-2.842	1417.097	0.752
0.284	-49.400	-31.933	3.866	-2.850	1420.752	0.751
0.285	-49.400	-31.927	3.882	-2.850	1419.533	0.751
0.287	-49.388	-31.897	3.899	-2.842	1423.189	0.750
0.288	-49.364	-31.915	3.923	-2.850	1430.500	0.751
0.290	-49.364	-31.933	3.964	-2.859	1432.937	0.751
0.291	-49.388	-31.921	3.981	-2.850	1434.155	0.751
0.293	-49.376	-31.897	4.022	-2.850	1432.937	0.751
0.294	-49.382	-31.921	4.014	-2.859	1430.500	0.751
0.296	-49.388	-31.909	4.030	-2.850	1429.281	0.751
0.298	-49.382	-31.933	4.046	-2.842	1425.626	0.752
0.299	-49.388	-31.903	4.055	-2.859	1424.407	0.752
0.301	-49.382	-31.927	4.095	-2.842	1421.970	0.753
0.302	-49.382	-31.909	4.095	-2.842	1418.315	0.752
0.304	-49.376	-31.903	4.104	-2.850	1415.878	0.751
0.305	-49.376	-31.897	4.112	-2.842	1418.315	0.750
0.307	-49.370	-31.890	4.120	-2.850	1420.752	0.752
0.308	-49.370	-31.897	4.136	-2.850	1424.407	0.751
0.310	-49.376	-31.909	4.145	-2.859	1431.718	0.753
0.312	-49.364	-31.909	4.153	-2.859	1434.155	0.751
0.313	-49.376	-31.915	4.194	-2.859	1432.937	0.751
0.315	-49.364	-31.915	4.177	-2.850	1429.281	0.752
0.316	-49.376	-31.890	4.194	-2.850	1429.281	0.752
0.318	-49.364	-31.915	4.210	-2.842	1426.844	0.752
0.319	-49.370	-31.903	4.218	-2.850	1423.189	0.751
0.321	-49.358	-31.915	4.235	-2.859	1421.970	0.751
0.322	-49.364	-31.903	4.259	-2.842	1418.315	0.750
0.324	-49.370	-31.897	4.276	-2.842	1415.878	0.752
0.325	-49.364	-31.890	4.300	-2.850	1415.878	0.751
0.327	-49.358	-31.909	4.284	-2.850	1420.752	0.751
0.329	-49.358	-31.890	4.308	-2.859	1425.626	0.752
0.330	-49.358	-31.878	4.317	-2.842	1431.718	0.753
0.332	-49.358	-31.884	4.317	-2.834	1435.374	0.752
0.333	-49.352	-31.909	4.333	-2.850	1435.374	0.752
0.335	-49.352	-31.897	4.358	-2.850	1436.592	0.754
0.336	-49.352	-31.884	4.349	-2.842	1430.500	0.752
0.338	-49.346	-31.897	4.358	-2.842	1428.063	0.752
0.339	-49.346	-31.897	4.374	-2.842	1425.626	0.752
0.341	-49.346	-31.903	4.374	-2.850	1423.189	0.753
0.343	-49.340	-31.884	4.399	-2.859	1420.752	0.752
0.344	-49.340	-31.909	4.415	-2.842	1420.752	0.754
0.346	-49.340	-31.884	4.415	-2.850	1415.878	0.752
0.347	-49.346	-31.890	4.431	-2.850	1418.315	0.753
0.349	-49.333	-31.884	4.423	-2.842	1421.970	0.751
0.350	-49.333	-31.884	4.439	-2.850	1428.063	0.754
0.352	-49.333	-31.884	4.456	-2.859	1431.718	0.753
0.353	-49.333	-31.872	4.456	-2.850	1434.155	0.752
0.355	-49.340	-31.884	4.472	-2.859	1431.718	0.752
0.356	-49.327	-31.872	4.464	-2.850	1428.063	0.754
0.358	-49.321	-31.884	4.472	-2.850	1428.063	0.752
0.360	-49.321	-31.890	4.489	-2.850	1426.844	0.753
0.361	-49.321	-31.897	4.497	-2.850	1424.407	0.752
0.363	-49.315	-31.884	4.505	-2.850	1423.189	0.753
0.364	-49.315	-31.884	4.505	-2.850	1418.315	0.752
0.366	-49.315	-31.866	4.513	-2.842	1420.752	0.752
0.367	-49.321	-31.890	4.521	-2.834	1417.097	0.751
0.369	-49.315	-31.866	4.538	-2.842	1423.189	0.752
0.370	-49.309	-31.860	4.538	-2.842	1428.063	0.753
0.372	-49.321	-31.860	4.546	-2.834	1435.374	0.753
0.374	-49.321	-31.884	4.571	-2.842	1437.811	0.752
0.375	-49.315	-31.872	4.571	-2.842	1432.937	0.751
0.377	-26.947	-31.848	4.571	-2.850	1430.500	0.753
0.378	-1.041	-31.860	4.448	-2.850	1430.500	0.757
0.380	0.164	-31.836	4.284	-2.842	1425.626	0.752
0.381	0.219	-31.860	4.153	-2.842	1423.189	0.753
0.383	0.219	-31.836	4.022	-2.842	1421.970	0.754
0.384	0.207	-31.854	3.882	-2.842	1419.533	0.753
0.386	0.213	-31.830	3.768	-2.850	1415.878	0.754
0.387	0.213	-31.860	3.678	-2.842	1417.097	0.753
0.389	0.213	-31.836	3.588	-2.842	1421.970	0.754
0.391	0.201	-31.854	3.498	-2.842	1424.407	0.754
0.392	0.195	-31.842	3.391	-2.842	1430.500	0.753
0.394	0.201	-31.824	3.326	-2.842	1435.374	0.752
0.395	0.207	-31.830	3.244	-2.842	1431.718	0.754
0.397	0.201	-31.842	3.154	-2.826	1430.500	0.756
0.398	0.195	-31.836	3.096	-2.842	1428.063	0.754
0.400	0.201	-31.805	3.014	-2.842	1425.626	0.753
0.401	0.189	-31.836	2.965	-2.842	1424.407	0.754
0.403	4.097	-31.830	2.900	-2.859	1420.752	0.752
0.405	0.280	-31.830	2.818	-2.850	1420.752	0.756
0.406	0.146	-31.811	2.777	-2.850	1414.660	0.751
0.408	0.177	-31.817	2.719	-2.842	1418.315	0.752
0.409	0.183	-31.805	2.670	-2.850	1421.970	0.754
0.411	0.183	-31.830	2.597	-2.850	1426.844	0.754
0.412	0.170	-31.811	2.564	-2.842	1431.718	0.753
0.414	0.177	-31.781	2.539	-2.850	1434.155	0.753
0.415	0.183	-31.805	2.490	-2.834	1436.592	0.753
0.417	0.183	-31.830	2.433	-2.842	1431.718	0.752
0.418	0.183	-31.824	2.392	-2.842	1429.281	0.754
0.420	0.183	-31.811	2.359	-2.842	1429.281	0.753
0.422	0.177	-31.824	2.326	-2.842	1425.626	0.754
0.423	0.177	-31.811	2.302	-2.834	1424.407	0.756
0.425	0.183	-31.817	2.261	-2.842	1421.970	0.754
0.426	0.213	-31.787	2.236	-2.842	1414.660	0.753
0.428	-46.046	-31.824	2.277	-2.850	1414.660	0.754
0.429	-49.242	-31.799	2.384	-2.842	1420.752	0.756
0.431	-49.388	-31.787	2.474	-2.842	1425.626	0.754
0.432	-49.407	-31.787	2.580	-2.842	1428.063	0.752
0.434	-49.419	-31.805	2.654	-2.834	1434.155	0.753
0.436	-49.413	-31.805	2.728	-2.842	1432.937	0.752
0.437	-49.419	-31.793	2.801	-2.842	1432.937	0.753
0.439	-49.425	-31.799	2.850	-2.834	1428.063	0.753
0.440	-49.437	-31.781	2.916	-2.834	1428.063	0.753
0.442	-49.425	-31.793	2.965	-2.842	1425.626	0.752
0.443	-49.419	-31.781	3.022	-2.850	1423.189	0.751
0.445	-49.413	-31.793	3.080	-2.842	1420.752	0.753
0.446	-49.425	-31.775	3.137	-2.834	1418.315	0.753
0.448	-49.425	-31.793	3.178	-2.842	1424.407	0.753
0.449	-49.425	-31.769	3.219	-2.850	1417.097	0.752
0.451	-49.425	-31.787	3.276	-2.842	1423.189	0.753
0.453	-49.419	-31.769	3.309	-2.834	1426.844	0.753
0.454	-49.431	-31.744	3.342	-2.834	1432.937	0.753
0.456	-49.425	-31.769	3.375	-2.842	1436.592	0.751
0.457	-49.413	-31.750	3.416	-2.834	1432.937	0.751
0.459	-49.413	-31.769	3.457	-2.842	1430.500	0.751
0.460	-49.413	-31.750	3.481	-2.850	1428.063	0.753
0.462	-49.419	-31.763	3.498	-2.850	1426.844	0.752
0.463	-49.413	-31.750	3.538	-2.842	1424.407	0.752
0.465	-49.425	-31.775	3.579	-2.842	1421.970	0.753
0.467	-49.413	-31.744	3.596	-2.842	1418.315	0.752
0.468	-49.419	-31.763	3.620	-2.850	1415.878	0.753
0.470	-49.419	-31.750	3.661	-2.826	1418.315	0.752
0.471	-49.413	-31.775	3.678	-2.834	1421.970	0.753
0.473	-49.413	-31.757	3.702	-2.842	1426.844	0.753
0.474	-49.407	-31.738	3.735	-2.842	1430.500	0.751
0.476	-49.407	-31.750	3.760	-2.842	1435.374	0.753
0.477	-49.400	-31.714	3.784	-2.850	1432.937	0.752
0.479	-49.407	-31.738	3.801	-2.842	1431.718	0.753
0.480	-49.407	-31.757	3.817	-2.834	1429.281	0.753
0.482	-49.407	-31.750	3.825	-2.850	1426.844	0.753
0.484	-49.407	-31.726	3.858	-2.842	1425.626	0.751
0.485	-49.400	-31.738	3.882	-2.834	1421.970	0.752
0.487	-49.400	-31.720	3.891	-2.842	1419.533	0.751
0.488	-49.388	-31.757	3.923	-2.842	1415.878	0.752
0.490	-49.358	-31.726	3.932	-2.859	1417.097	0.750
0.491	-49.370	-31.720	3.956	-2.859	1419.533	0.752
0.493	-49.388	-31.714	3.981	-2.842	1424.407	0.751
0.494	-49.388	-31.732	4.014	-2.842	1430.500	0.752
0.496	-49.376	-31.726	4.022	-2.859	1432.937	0.752
0.498	-49.388	-31.696	4.022	-2.850	1434.155	0.751
0.499	-49.382	-31.720	4.046	-2.842	1428.063	0.748
0.501	-49.382	-31.720	4.055	-2.834	1430.500	0.751
0.502	-49.382	-31.702	4.071	-2.850	1428.063	0.753
0.504	-49.388	-31.702	4.087	-2.842	1426.844	0.752
0.505	-49.376	-31.732	4.087	-2.834	1424.407	0.753
0.507	-49.370	-31.708	4.120	-2.859	1420.752	0.753
0.508	-49.382	-31.696	4.120	-2.850	1418.315	0.753
0.510	-49.376	-31.702	4.145	-2.850	1417.097	0.753
0.511	-49.370	-31.671	4.145	-2.850	1420.752	0.752
0.513	-49.370	-31.696	4.169	-2.850	1424.407	0.752
0.515	-49.370	-31.659	4.177	-2.842	1426.844	0.753
0.516	-49.370	-31.696	4.194	-2.850	1434.155	0.752
0.518	-49.370	-31.665	4.194	-2.850	1434.155	0.752
0.519	-49.364	-31.690	4.227	-2.850	1432.937	0.754
0.521	-49.364	-31.665	4.243	-2.842	1429.281	0.753
0.522	-49.364	-31.702	4.235	-2.859	1428.063	0.754
0.524	-49.358	-31.671	4.251	-2.850	1425.626	0.753
0.525	-49.352	-31.702	4.267	-2.842	1421.970	0.751
0.527	-49.352	-31.677	4.276	-2.842	1421.970	0.753
0.529	-49.358	-31.677	4.284	-2.850	1419.533	0.752
0.530	-49.358	-31.690	4.317	-2.834	1425.626	0.751
0.532	-49.352	-31.683	4.317	-2.842	1418.315	0.751
0.533	-49.358	-31.696	4.308	-2.834	1424.407	0.752
0.535	-49.352	-31.665	4.333	-2.842	1425.626	0.752
0.536	-49.352	-31.659	4.325	-2.850	1431.718	0.752
0.538	-49.352	-31.617	4.341	-2.842	1436.592	0.751
0.539	-49.352	-31.641	4.349	-2.842	1435.374	0.753
0.541	-49.340	-31.623	4.358	-2.842	1430.500	0.752
0.542	-49.346	-31.629	4.366	-2.842	1430.500	0.752
0.544	-49.346	-31.617	4.374	-2.842	1426.844	0.754
0.546	-49.340	-31.635	4.399	-2.842	1424.407	0.753
0.547	-49.340	-31.617	4.415	-2.842	1423.189	0.753
0.549	-49.333	-31.598	4.415	-2.842	1419.533	0.752
0.550	-49.333	-31.592	4.415	-2.826	1414.660	0.752
0.552	-49.340	-31.598	4.431	-2.842	1417.097	0.754
0.553	-49.327	-31.568	4.431	-2.842	1421.970	0.754
0.555	-49.327	-31.501	4.448	-2.834	1426.844	0.754
0.556	-49.327	-31.531	4.448	-2.850	1431.718	0.754
0.558	-49.327	-31.489	4.456	-2.834	1435.374	0.753
0.560	-49.321	-31.470	4.480	-2.834	1432.937	0.752
0.561	-49.327	-31.428	4.472	-2.826	1432.937	0.754
0.563	-49.321	-31.391	4.497	-2.826	1429.281	0.752
0.564	-49.327	-31.410	4.489	-2.826	1428.063	0.753
0.566	-49.309	-31.410	4.505	-2.809	1424.407	0.753
0.567	-49.315	-31.397	4.513	-2.834	1423.189	0.753
0.569	-49.315	-31.361	4.530	-2.826	1420.752	0.752
0.570	-49.321	-31.367	4.513	-2.809	1418.315	0.752
0.572	-49.309	-31.336	4.538	-2.826	1417.097	0.752
0.573	-49.309	-31.379	4.530	-2.818	1420.752	0.752
0.575	-49.309	-31.343	4.546	-2.826	1425.626	0.752
0.577	-49.303	-31.312	4.546	-2.826	1430.500	0.753
0.578	-21.175	-31.330	4.546	-2.826	1431.718	0.747
0.580	-0.779	-31.336	4.423	-2.826	1437.811	0.757
0.581	0.183	-31.318	4.267	-2.818	1431.718	0.751
0.583	0.219	-31.294	4.136	-2.834	1430.500	0.752
0.584	0.225	-31.300	3.997	-2.826	1429.281	0.752
0.586	0.213	-31.263	3.891	-2.826	1425.626	0.752
0.587	0.207	-31.318	3.776	-2.826	1423.189	0.751
0.589	0.213	-31.294	3.661	-2.818	1421.970	0.752
0.591	0.213	-31.282	3.563	-2.826	1420.752	0.754
0.592	0.201	-31.276	3.473	-2.818	1417.097	0.754
0.594	0.207	-31.239	3.383	-2.818	1419.533	0.753
0.595	0.207	-31.263	3.309	-2.818	1421.970	0.753
0.597	0.201	-31.239	3.227	-2.818	1428.063	0.753
0.598	0.207	-31.263	3.137	-2.826	1432.937	0.753
0.600	0.195	-31.239	3.088	-2.826	1435.374	0.753
0.601	0.201	-31.257	3.006	-2.818	1431.718	0.754
0.603	0.341	-31.263	2.932	-2.826	1430.500	0.753
0.604	3.245	-31.227	2.867	-2.826	1425.626	0.748
0.606	0.244	-31.215	2.801	-2.809	1423.189	0.752
0.608	0.158	-31.196	2.752	-2.834	1423.189	0.750
0.609	0.177	-31.215	2.695	-2.826	1421.970	0.753
0.611	0.183	-31.251	2.654	-2.834	1419.533	0.753
0.612	0.189	-31.227	2.588	-2.826	1425.626	0.752
0.614	0.177	-31.196	2.564	-2.818	1418.315	0.752
0.615	0.183	-31.190	2.523	-2.826	1421.970	0.753
0.617	0.189	-31.166	2.474	-2.826	1429.281	0.753
0.618	0.177	-31.215	2.433	-2.818	1434.155	0.753
0.620	0.183	-31.196	2.392	-2.826	1435.374	0.753
0.622	0.183	-31.190	2.359	-2.826	1435.374	0.753
0.623	0.177	-31.178	2.318	-2.834	1430.500	0.753
0.625	0.177	-31.136	2.277	-2.826	1428.063	0.752
0.626	0.177	-31.178	2.253	-2.818	1426.844	0.751
0.628	-2.575	-31.166	2.212	-2.826	1417.097	0.748
0.629	-46.722	-31.136	2.269	-2.826	1421.970	0.753
0.631	-49.266	-31.105	2.384	-2.826	1423.189	0.754
0.632	-49.394	-31.044	2.465	-2.826	1413.441	0.753
0.634	-49.419	-31.093	2.564	-2.826	1415.878	0.752
0.635	-49.431	-31.129	2.637	-2.834	1420.752	0.752
0.637	-49.425	-31.111	2.711	-2.834	1425.626	0.752
0.639	-49.419	-31.178	2.793	-2.834	1430.500	0.752
0.640	-49.425	-31.233	2.859	-2.826	1435.374	0.753
0.642	-49.419	-31.300	2.891	-2.834	1434.155	0.751
0.643	-49.419	-31.312	2.965	-2.826	1431.718	0.752
0.645	-49.425	-31.355	3.022	-2.826	1428.063	0.752
0.646	-49.419	-31.422	3.063	-2.826	1425.626	0.751
0.648	-49.425	-31.464	3.129	-2.826	1424.407	0.752
0.649	-49.419	-31.507	3.186	-2.826	1424.407	0.751
0.651	-49.425	-31.556	3.211	-2.826	1421.970	0.752
0.653	-49.419	-31.586	3.244	-2.826	1417.097	0.750
0.654	-49.419	-31.617	3.301	-2.826	1418.315	0.752
0.656	-49.413	-31.653	3.342	-2.826	1420.752	0.752
0.657	-49.425	-31.690	3.375	-2.818	1424.407	0.752
0.659	-49.419	-31.714	3.407	-2.826	1430.500	0.752
0.660	-49.419	-31.744	3.440	-2.826	1435.374	0.752
0.662	-49.419	-31.769	3.465	-2.826	1434.155	0.752
0.663	-49.419	-31.793	3.522	-2.826	1432.937	0.753
0.665	-49.413	-31.811	3.563	-2.818	1431.718	0.752
0.666	-49.413	-31.830	3.571	-2.826	1429.281	0.752
0.668	-49.413	-31.848	3.604	-2.826	1425.626	0.751
0.670	-49.407	-31.878	3.620	-2.826	1425.626	0.751
0.671	-49.413	-31.878	3.653	-2.818	1421.970	0.752
0.673	-49.407	-31.897	3.694	-2.818	1418.315	0.751
0.674	-49.407	-31.897	3.710	-2.818	1417.097	0.752
0.676	-49.413	-31.890	3.719	-2.826	1419.533	0.752
0.677	-49.407	-31.866	3.751	-2.826	1421.970	0.752
0.679	-49.407	-31.842	3.784	-2.826	1429.281	0.752
0.680	-49.407	-31.842	3.784	-2.826	1432.937	0.753
0.682	-49.400	-31.811	3.809	-2.826	1432.937	0.752
0.684	-49.400	-31.817	3.825	-2.809	1430.500	0.752
0.685	-49.400	-31.787	3.850	-2.826	1429.281	0.752
0.687	-49.407	-31.787	3.882	-2.818	1428.063	0.753
0.688	-49.394	-31.763	3.899	-2.826	1426.844	0.752
0.690	-49.394	-31.775	3.923	-2.818	1423.189	0.751
0.691	-49.364	-31.750	3.948	-2.818	1423.189	0.751
0.693	-49.370	-31.775	3.964	-2.818	1418.315	0.751
0.694	-49.376	-31.744	3.997	-2.818	1420.752	0.752
0.696	-49.382	-31.738	3.997	-2.826	1418.315	0.750
0.697	-49.382	-31.720	4.038	-2.826	1421.970	0.751
0.699	-49.388	-31.726	4.046	-2.818	1425.626	0.750
0.701	-49.382	-31.726	4.046	-2.818	1431.718	0.748
0.702	-49.382	-31.696	4.055	-2.826	1436.592	0.752
0.704	-49.376	-31.702	4.071	-2.834	1435.374	0.751
0.705	-49.376	-31.683	4.079	-2.818	1432.937	0.752
0.707	-49.370	-31.702	4.095	-2.818	1429.281	0.750
0.708	-49.370	-31.677	4.112	-2.809	1429.281	0.751
0.710	-49.370	-31.696	4.145	-2.818	1425.626	0.751
0.711	-49.376	-31.659	4.153	-2.826	1423.189	0.751
0.713	-49.370	-31.653	4.161	-2.818	1421.970	0.752
0.715	-49.364	-31.659	4.161	-2.809	1411.004	0.751
0.716	-49.364	-31.641	4.186	-2.818	1417.097	0.753
0.718	-49.364	-31.653	4.210	-2.818	1419.533	0.752
0.719	-49.364	-31.610	4.210	-2.809	1424.407	0.753
0.721	-49.352	-31.635	4.218	-2.826	1429.281	0.753
0.722	-49.364	-31.598	4.235	-2.818	1434.155	0.752
0.724	-49.352	-31.604	4.243	-2.826	1434.155	0.752
0.725	-49.364	-31.592	4.251	-2.826	1432.937	0.752
0.727	-49.352	-31.550	4.267	-2.826	1429.281	0.751
0.728	-49.358	-31.568	4.267	-2.818	1426.844	0.751
0.730	-49.358	-31.586	4.284	-2.818	1424.407	0.751
0.732	-49.346	-31.562	4.300	-2.818	1421.970	0.750
0.733	-49.346	-31.537	4.308	-2.826	1420.752	0.751
0.735	-49.346	-31.556	4.333	-2.818	1417.097	0.751
0.736	-49.346	-31.531	4.341	-2.818	1418.315	0.752
0.738	-49.352	-31.562	4.349	-2.826	1419.533	0.751
0.739	-49.352	-31.537	4.358	-2.818	1423.189	0.751
0.741	-49.340	-31.513	4.358	-2.818	1431.718	0.752
0.742	-49.346	-31.519	4.382	-2.826	1435.374	0.752
0.744	-49.333	-31.519	4.399	-2.826	1435.374	0.752
0.746	-49.340	-31.513	4.399	-2.809	1434.155	0.752
0.747	-49.327	-31.483	4.407	-2.826	1434.155	0.753
0.749	-49.333	-31.501	4.407	-2.818	1428.063	0.753
0.750	-49.340	-31.483	4.431	-2.826	1428.063	0.752
0.752	-49.340	-31.489	4.439	-2.826	1423.189	0.753
0.753	-49.327	-31.458	4.431	-2.826	1421.970	0.753
0.755	-49.333	-31.458	4.448	-2.826	1419.533	0.752
0.756	-49.333	-31.446	4.480	-2.818	1415.878	0.754
0.758	-49.327	-31.476	4.472	-2.818	1418.315	0.753
0.759	-49.327	-31.446	4.489	-2.818	1421.970	0.754
0.761	-49.321	-31.428	4.480	-2.834	1426.844	0.753
0.763	-49.321	-31.446	4.497	-2.826	1430.500	0.753
0.764	-49.327	-31.434	4.513	-2.834	1436.592	0.752
0.766	-49.309	-31.440	4.513	-2.818	1431.718	0.754
0.767	-49.321	-31.416	4.513	-2.826	1430.500	0.752
0.769	-49.315	-31.422	4.521	-2.826	1428.063	0.753
0.770	-49.309	-31.397	4.538	-2.826	1428.063	0.756
0.772	-49.315	-31.434	4.546	-2.826	1423.189	0.754
0.773	-49.309	-31.410	4.530	-2.826	1420.752	0.753
0.775	-49.309	-31.391	4.571	-2.834	1420.752	0.753
0.777	-49.309	-31.391	4.546	-2.818	1419.533	0.753
0.778	-49.315	-31.385	4.571	-2.818	1417.097	0.752
0.780	-16.645	-31.397	4.562	-2.818	1417.097	0.747
0.781	-0.566	-31.385	4.439	-2.818	1425.626	0.753
0.783	0.189	-31.391	4.284	-2.826	1430.500	0.751
0.784	0.219	-31.361	4.136	-2.818	1436.592	0.752
0.786	0.219	-31.397	4.014	-2.818	1434.155	0.754
0.787	0.219	-31.373	3.891	-2.826	1435.374	0.756
0.789	0.213	-31.336	3.768	-2.826	1429.281	0.752
0.790	0.219	-31.349	3.678	-2.826	1428.063	0.752
0.792	0.213	-31.379	3.579	-2.826	1424.407	0.752
0.794	0.207	-31.373	3.481	-2.818	1423.189	0.752
0.795	0.201	-31.373	3.383	-2.818	1420.752	0.753
0.797	0.201	-31.373	3.326	-2.818	1414.660	0.752
0.798	0.201	-31.349	3.235	-2.834	1415.878	0.753
0.800	0.201	-31.373	3.162	-2.818	1420.752	0.754
0.801	0.195	-31.336	3.080	-2.826	1423.189	0.753
0.803	0.195	-31.379	3.039	-2.818	1429.281	0.753
0.804	2.423	-31.324	2.965	-2.826	1441.466	0.759
0.806	2.581	-31.330	2.875	-2.826	1432.937	0.752
0.808	0.231	-31.324	2.818	-2.826	1426.844	0.750
0.809	0.158	-31.318	2.769	-2.834	1429.281	0.753
0.811	0.177	-31.343	2.703	-2.826	1428.063	0.753
0.812	0.183	-31.318	2.670	-2.826	1425.626	0.754
0.814	0.183	-31.349	2.613	-2.826	1423.189	0.753
0.815	0.183	-31.336	2.547	-2.826	1419.533	0.752
0.817	0.177	-31.349	2.523	-2.826	1418.315	0.753
0.818	0.177	-31.324	2.474	-2.818	1420.752	0.753
0.820	0.195	-31.361	2.433	-2.834	1417.097	0.754
0.821	0.183	-31.330	2.416	-2.834	1423.189	0.751
0.823	0.189	-31.349	2.351	-2.826	1429.281	0.753
0.825	0.183	-31.324	2.318	-2.826	1432.937	0.752
0.826	0.183	-31.336	2.285	-2.834	1435.374	0.752
0.828	0.183	-31.324	2.244	-2.826	1434.155	0.752
0.829	-9.017	-31.373	2.212	-2.826	1437.811	0.759
0.831	-47.251	-31.355	2.277	-2.834	1429.281	0.752
0.832	-49.291	-31.318	2.384	-2.834	1428.063	0.754
0.834	-49.388	-31.336	2.482	-2.842	1423.189	0.752
0.835	-49.407	-31.336	2.580	-2.826	1420.752	0.752
0.837	-49.419	-31.343	2.670	-2.826	1419.533	0.754
0.839	-49.431	-31.306	2.744	-2.826	1417.097	0.754
0.840	-49.407	-31.361	2.801	-2.834	1415.878	0.753
0.842	-49.413	-31.361	2.867	-2.818	1420.752	0.753
0.843	-49.413	-31.349	2.924	-2.826	1426.844	0.753
0.845	-49.413	-31.330	2.981	-2.834	1432.937	0.754
0.846	-49.419	-31.361	3.047	-2.826	1435.374	0.754
0.848	-49.419	-31.343	3.113	-2.834	1434.155	0.754
0.849	-49.413	-31.343	3.154	-2.834	1430.500	0.754
0.851	-49.425	-31.343	3.194	-2.834	1428.063	0.752
0.852	-49.413	-31.312	3.219	-2.842	1426.844	0.753
0.854	-49.413	-31.355	3.293	-2.818	1425.626	0.753
0.856	-49.425	-31.349	3.317	-2.834	1421.970	0.753
0.857	-49.413	-31.355	3.358	-2.826	1420.752	0.753
0.859	-49.419	-31.318	3.391	-2.826	1418.315	0.752
0.860	-49.407	-31.361	3.440	-2.834	1417.097	0.751
0.862	-49.413	-31.336	3.473	-2.826	1420.752	0.753
0.863	-49.413	-31.361	3.489	-2.842	1425.626	0.752
0.865	-49.413	-31.343	3.514	-2.834	1430.500	0.753
0.866	-49.407	-31.330	3.538	-2.834	1435.374	0.754
0.868	-49.413	-31.343	3.588	-2.826	1435.374	0.751
0.870	-49.407	-31.343	3.629	-2.842	1426.844	0.747
0.871	-49.407	-31.367	3.653	-2.826	1431.718	0.754
0.873	-49.407	-31.355	3.686	-2.834	1428.063	0.753
0.874	-49.413	-31.367	3.702	-2.834	1425.626	0.753
0.876	-49.400	-31.330	3.727	-2.834	1423.189	0.752
0.877	-49.407	-31.385	3.751	-2.826	1423.189	0.752
0.879	-49.407	-31.349	3.784	-2.826	1418.315	0.753
0.880	-49.394	-31.373	3.792	-2.834	1417.097	0.753
0.882	-49.400	-31.361	3.801	-2.834	1418.315	0.752
0.883	-49.400	-31.361	3.842	-2.834	1423.189	0.753
0.885	-49.400	-31.355	3.833	-2.834	1428.063	0.754
0.887	-49.388	-31.397	3.858	-2.834	1432.937	0.753
0.888	-49.400	-31.385	3.899	-2.842	1434.155	0.753
0.890	-49.388	-31.361	3.907	-2.842	1432.937	0.753
0.891	-49.382	-31.391	3.940	-2.834	1429.281	0.753
0.893	-49.358	-31.373	3.964	-2.842	1428.063	0.754
0.894	-49.370	-31.403	3.989	-2.826	1424.407	0.753
0.896	-49.376	-31.391	4.005	-2.834	1425.626	0.752
0.897	-49.376	-31.416	4.014	-2.842	1420.752	0.751
0.899	-49.376	-31.379	4.038	-2.842	1418.315	0.752
0.901	-49.382	-31.379	4.055	-2.850	1423.189	0.753
0.902	-49.376	-31.385	4.063	-2.834	1418.315	0.752
0.904	-49.370	-31.410	4.079	-2.842	1423.189	0.753
0.905	-49.376	-31.397	4.104	-2.842	1426.844	0.754
0.907	-49.376	-31.422	4.112	-2.850	1432.937	0.753
0.908	-49.370	-31.422	4.120	-2.826	1435.374	0.752
0.910	-49.376	-31.397	4.153	-2.834	1434.155	0.753
0.911	-49.370	-31.422	4.145	-2.850	1431.718	0.753
0.913	-49.370	-31.403	4.186	-2.842	1429.281	0.752
0.914	-49.364	-31.434	4.177	-2.834	1426.844	0.752
0.916	-49.352	-31.391	4.186	-2.834	1425.626	0.752
0.918	-49.358	-31.446	4.202	-2.842	1423.189	0.753
0.919	-49.364	-31.410	4.218	-2.842	1419.533	0.753
0.921	-49.364	-31.434	4.243	-2.834	1412.223	0.753
0.922	-49.358	-31.410	4.227	-2.842	1417.097	0.754
0.924	-49.358	-31.446	4.251	-2.842	1420.752	0.754
0.925	-49.352	-31.422	4.259	-2.834	1424.407	0.754
0.927	-49.364	-31.422	4.284	-2.842	1429.281	0.756
0.928	-49.352	-31.428	4.276	-2.842	1434.155	0.753
0.930	-49.358	-31.476	4.292	-2.842	1432.937	0.754
0.932	-49.346	-31.464	4.308	-2.850	1431.718	0.753
0.933	-49.346	-31.428	4.333	-2.842	1428.063	0.754
0.935	-49.340	-31.470	4.333	-2.842	1425.626	0.754
0.936	-49.340	-31.440	4.333	-2.842	1424.407	0.753
0.938	-49.340	-31.458	4.349	-2.842	1421.970	0.754
0.939	-49.346	-31.440	4.366	-2.834	1419.533	0.753
0.941	-49.340	-31.495	4.374	-2.850	1418.315	0.753
0.942	-49.333	-31.464	4.399	-2.850	1418.315	0.754
0.944	-49.333	-31.476	4.407	-2.850	1418.315	0.754
0.945	-49.340	-31.470	4.407	-2.834	1425.626	0.753
0.947	-49.327	-31.483	4.415	-2.842	1429.281	0.754
0.949	-49.333	-31.483	4.431	-2.850	1432.937	0.754
0.950	-49.327	-31.507	4.415	-2.850	1436.592	0.754
0.952	-49.321	-31.495	4.431	-2.850	1432.937	0.753
0.953	-49.321	-31.458	4.439	-2.842	1431.718	0.756
0.955	-49.333	-31.507	4.472	-2.850	1426.844	0.756
0.956	-49.333	-31.531	4.489	-2.834	1425.626	0.756
0.958	-49.321	-31.513	4.489	-2.842	1423.189	0.754
0.959	-49.327	-31.476	4.505	-2.859	1421.970	0.754
0.961	-49.321	-31.513	4.513	-2.850	1418.315	0.754
0.963	-49.315	-31.489	4.505	-2.859	1417.097	0.756
0.964	-49.321	-31.513	4.530	-2.842	1418.315	0.756
0.966	-49.321	-31.501	4.521	-2.842	1421.970	0.754
0.967	-49.309	-31.519	4.538	-2.834	1428.063	0.756
0.969	-49.309	-31.519	4.546	-2.842	1429.281	0.757
0.970	-49.309	-31.495	4.562	-2.834	1434.155	0.757
0.972	-49.303	-31.525	4.562	-2.842	1432.937	0.757
0.973	-49.309	-31.519	4.562	-2.850	1430.500	0.754
0.975	-49.303	-31.537	4.562	-2.842	1428.063	0.756
0.976	-49.303	-31.513	4.579	-2.842	1424.407	0.754
0.978	-49.309	-31.525	4.595	-2.842	1423.189	0.754
0.980	-49.297	-31.501	4.595	-2.842	1420.752	0.754
0.981	-13.108	-31.556	4.571	-2.850	1414.660	0.750
0.983	-0.408	-31.519	4.439	-2.850	1418.315	0.754
0.984	0.201	-31.550	4.292	-2.842	1415.878	0.753
0.986	0.225	-31.543	4.145	-2.842	1421.970	0.754
0.987	0.213	-31.580	4.022	-2.850	1425.626	0.757
0.989	0.213	-31.568	3.891	-2.850	1432.937	0.754
0.990	0.207	-31.562	3.776	-2.842	1435.374	0.756
0.992	0.213	-31.562	3.661	-2.842	1432.937	0.756
0.994	0.213	-31.537	3.588	-2.850	1432.937	0.756
0.995	0.201	-31.568	3.481	-2.850	1428.063	0.756
0.997	0.201	-31.586	3.407	-2.859	1426.844	0.756
0.998	0.207	-31.580	3.317	-2.842	1424.407	0.756
1.000	0.201	-31.556	3.235	-2.850	1421.970	0.754
1.001	0.195	-31.574	3.154	-2.850	1420.752	0.757
1.003	0.195	-31.556	3.080	-2.850	1412.223	0.754
1.004	0.201	-31.592	3.022	-2.850	1415.878	0.754
1.006	8.883	-31.556	2.973	-2.850	1417.097	0.751
1.007	2.052	-31.543	2.891	-2.834	1424.407	0.753
1.009	0.213	-31.562	2.834	-2.842	1426.844	0.753
1.011	0.146	-31.617	2.785	-2.850	1434.155	0.756
1.012	0.177	-31.604	2.711	-2.842	1432.937	0.757
1.014	0.189	-31.568	2.654	-2.842	1431.718	0.756
1.015	0.177	-31.598	2.613	-2.834	1429.281	0.757
1.017	0.189	-31.562	2.572	-2.850	1426.844	0.756
1.018	0.189	-31.604	2.523	-2.850	1423.189	0.754
1.020	0.177	-31.623	2.482	-2.850	1423.189	0.754
1.021	0.183	-31.617	2.441	-2.850	1419.533	0.756
1.023	0.189	-31.586	2.408	-2.850	1418.315	0.754
1.025	0.189	-31.562	2.367	-2.859	1419.533	0.754
1.026	0.177	-31.568	2.326	-2.859	1419.533	0.756
1.028	0.183	-31.629	2.293	-2.842	1423.189	0.754
1.029	0.183	-31.610	2.261	-2.850	1428.063	0.756
1.031	-16.542	-31.623	2.220	-2.842	1446.340	0.770
1.032	-47.684	-31.610	2.310	-2.842	1436.592	0.757
1.034	-49.309	-31.610	2.433	-2.850	1432.937	0.754
1.035	-49.388	-31.617	2.515	-2.859	1430.500	0.754
1.037	-49.407	-31.629	2.588	-2.842	1428.063	0.754
1.038	-49.413	-31.623	2.662	-2.850	1426.844	0.756
1.040	-49.419	-31.610	2.760	-2.850	1421.970	0.756
1.042	-49.413	-31.629	2.818	-2.850	1420.752	0.756
1.043	-49.413	-31.598	2.883	-2.842	1418.315	0.756
1.045	-49.413	-31.629	2.941	-2.842	1415.878	0.753
1.046	-49.419	-31.604	2.990	-2.850	1417.097	0.756
1.048	-49.413	-31.641	3.055	-2.842	1421.970	0.757
1.049	-49.413	-31.629	3.096	-2.850	1425.626	0.757
1.051	-49.419	-31.604	3.137	-2.842	1431.718	0.754
1.052	-49.419	-31.610	3.203	-2.842	1435.374	0.754
1.054	-49.413	-31.647	3.260	-2.850	1431.718	0.754
1.056	-49.419	-31.635	3.285	-2.859	1430.500	0.754
1.057	-49.413	-31.610	3.334	-2.842	1428.063	0.754
1.059	-49.413	-31.635	3.358	-2.859	1424.407	0.754
1.060	-49.419	-31.610	3.424	-2.850	1423.189	0.754
