Time (ms)	Ch1 V	Ch2 V	Ch1 A	Ch2 A	RPM	Torque
0.000	7.251	3.093	0.123	0.319	159.621	-0.345
0.002	47.677	3.087	0.164	0.319	158.403	-0.343
0.003	49.632	3.075	0.213	0.319	151.092	-0.341
0.005	49.772	3.081	0.262	0.319	148.655	-0.341
0.006	49.784	3.093	0.319	0.311	147.437	-0.342
0.008	49.784	3.081	0.360	0.319	148.655	-0.341
0.010	49.784	3.087	0.401	0.328	148.655	-0.341
0.011	49.778	3.087	0.434	0.319	151.092	-0.341
0.013	49.772	3.087	0.475	0.311	149.873	-0.341
0.014	49.772	3.075	0.508	0.328	148.655	-0.342
0.016	49.766	3.075	0.541	0.328	151.092	-0.341
0.018	49.760	3.087	0.590	0.319	147.437	-0.341
0.019	49.754	3.081	0.623	0.328	149.873	-0.341
0.021	49.754	3.068	0.663	0.319	147.437	-0.341
0.022	49.747	3.087	0.688	0.319	149.873	-0.342
0.024	49.741	3.081	0.704	0.319	149.873	-0.342
0.026	49.729	3.081	0.745	0.311	146.218	-0.341
0.027	49.729	3.081	0.778	0.319	147.437	-0.341
0.029	49.735	3.087	0.811	0.319	147.437	-0.341
0.030	49.717	3.081	0.827	0.319	146.218	-0.341
0.032	49.717	3.081	0.860	0.311	146.218	-0.343
0.034	49.711	3.087	0.876	0.319	146.218	-0.341
0.035	49.711	3.081	0.917	0.319	145.000	-0.341
0.037	49.705	3.081	0.942	0.311	146.218	-0.342
0.038	49.687	3.075	0.967	0.319	143.781	-0.342
0.040	49.699	3.075	0.999	0.319	145.000	-0.341
0.042	4.231	3.081	0.991	0.319	141.344	-0.341
0.043	0.146	3.075	0.917	0.319	142.563	-0.339
0.045	-0.073	3.081	0.860	0.319	146.218	-0.341
0.046	-0.091	3.081	0.795	0.311	146.218	-0.342
0.048	-0.097	3.075	0.754	0.319	145.000	-0.343
0.050	-0.104	3.081	0.713	0.328	145.000	-0.342
0.051	-0.104	3.087	0.680	0.328	143.781	-0.343
0.053	-0.104	3.075	0.639	0.319	143.781	-0.339
0.054	-0.104	3.075	0.598	0.328	143.781	-0.341
0.056	-0.110	3.081	0.573	0.319	142.563	-0.341
0.058	-0.104	3.075	0.573	0.328	143.781	-0.342
0.059	-0.104	3.081	0.549	0.319	142.563	-0.341
0.061	-0.104	3.087	0.516	0.319	141.344	-0.341
0.062	-0.104	3.081	0.491	0.319	142.563	-0.341
0.064	-0.097	3.075	0.475	0.319	143.781	-0.339
0.066	-0.104	3.081	0.442	0.311	143.781	-0.339
0.067	-0.110	3.087	0.442	0.319	141.344	-0.341
0.069	-0.104	3.081	0.434	0.319	140.126	-0.339
0.070	-0.104	3.075	0.410	0.328	142.563	-0.341
0.072	-0.097	3.081	0.410	0.319	141.344	-0.339
0.074	-0.104	3.081	0.393	0.328	140.126	-0.342
0.075	-0.097	3.081	0.377	0.328	140.126	-0.342
0.077	-0.104	3.081	0.352	0.328	140.126	-0.339
0.078	-0.104	3.075	0.352	0.319	142.563	-0.342
0.080	-0.097	3.081	0.336	0.319	140.126	-0.342
0.082	-0.104	3.087	0.328	0.319	140.126	-0.342
0.083	-0.097	3.075	0.319	0.311	140.126	-0.342
0.085	-0.097	3.087	0.319	0.328	138.907	-0.341
0.086	-0.097	3.087	0.303	0.319	138.907	-0.339
0.088	-0.097	3.081	0.303	0.328	140.126	-0.341
0.090	-0.097	3.087	0.303	0.328	136.470	-0.341
0.091	-0.097	3.075	0.311	0.319	140.126	-0.341
0.093	-0.104	3.068	0.287	0.319	137.689	-0.339
0.094	-0.091	3.087	0.287	0.319	138.907	-0.341
0.096	-0.097	3.075	0.278	0.328	136.470	-0.341
0.098	-0.091	3.068	0.278	0.319	138.907	-0.339
0.099	-0.097	3.075	0.270	0.319	142.563	-0.342
0.101	-0.097	3.075	0.278	0.311	147.437	-0.341
0.102	-0.097	3.075	0.262	0.319	153.529	-0.342
0.104	-0.097	3.075	0.262	0.328	163.277	-0.341
0.106	-0.091	3.081	0.262	0.319	166.932	-0.341
0.107	-0.097	3.075	0.262	0.311	169.369	-0.341
0.109	-0.091	3.068	0.270	0.319	168.151	-0.342
0.110	-0.097	3.075	0.262	0.319	169.369	-0.341
0.112	-0.097	3.075	0.262	0.328	166.932	-0.341
0.114	-0.097	3.087	0.254	0.328	163.277	-0.339
0.115	-0.097	3.075	0.254	0.319	163.277	-0.339
0.117	-0.091	3.075	0.262	0.328	165.714	-0.342
0.118	-0.097	3.075	0.254	0.328	164.495	-0.342
0.120	-0.091	3.081	0.246	0.328	165.714	-0.341
0.122	-0.091	3.087	0.246	0.303	163.277	-0.341
0.123	-0.085	3.087	0.246	0.319	163.277	-0.341
0.125	-0.097	3.081	0.246	0.319	163.277	-0.339
0.126	-0.091	3.075	0.238	0.319	163.277	-0.341
0.128	-0.097	3.081	0.246	0.319	162.058	-0.342
0.130	-0.097	3.075	0.246	0.319	163.277	-0.341
0.131	-0.091	3.081	0.246	0.319	163.277	-0.341
0.133	-0.097	3.075	0.246	0.328	163.277	-0.341
0.134	-0.091	3.087	0.254	0.319	163.277	-0.337
0.136	-0.085	3.075	0.246	0.328	160.840	-0.339
0.138	-0.085	3.075	0.238	0.319	162.058	-0.341
0.139	-0.097	3.075	0.246	0.319	160.840	-0.338
0.141	-0.091	3.068	0.229	0.328	160.840	-0.339
0.142	-0.091	3.075	0.229	0.319	162.058	-0.341
0.144	-0.091	3.068	0.229	0.319	163.277	-0.339
0.146	-0.091	3.081	0.229	0.328	159.621	-0.339
0.147	-0.091	3.081	0.229	0.328	160.840	-0.341
0.149	-0.079	3.075	0.238	0.328	159.621	-0.338
0.150	-0.085	3.075	0.238	0.319	160.840	-0.342
0.152	-0.085	3.075	0.221	0.319	160.840	-0.338
0.154	-0.091	3.075	0.229	0.319	158.403	-0.341
0.155	-0.091	3.075	0.213	0.319	158.403	-0.341
0.157	-0.091	3.075	0.213	0.311	160.840	-0.341
0.158	-0.085	3.087	0.221	0.319	158.403	-0.339
0.160	-0.085	3.081	0.221	0.319	159.621	-0.342
0.162	-0.091	3.087	0.221	0.319	157.184	-0.341
0.163	-0.091	3.075	0.213	0.311	157.184	-0.339
0.165	-0.085	3.075	0.221	0.328	157.184	-0.341
0.166	-0.091	3.087	0.213	0.319	159.621	-0.341
0.168	-0.091	3.081	0.205	0.328	157.184	-0.339
0.170	-0.085	3.081	0.197	0.319	157.184	-0.339
0.171	-0.085	3.081	0.205	0.328	152.310	-0.341
0.173	-0.079	3.087	0.205	0.319	157.184	-0.338
0.174	-0.085	3.075	0.205	0.328	155.966	-0.341
0.176	-0.085	3.081	0.197	0.319	157.184	-0.342
0.178	-0.085	3.081	0.197	0.319	153.529	-0.341
0.179	-0.091	3.075	0.197	0.328	155.966	-0.339
0.181	-0.085	3.075	0.197	0.319	155.966	-0.339
0.182	-0.079	3.068	0.205	0.311	153.529	-0.341
0.184	-0.085	3.075	0.180	0.319	153.529	-0.341
0.186	-0.091	3.068	0.197	0.319	153.529	-0.339
0.187	-0.085	3.081	0.197	0.319	154.747	-0.339
0.189	-0.091	3.068	0.180	0.311	154.747	-0.341
0.190	-0.079	3.081	0.188	0.319	152.310	-0.339
0.192	-0.085	3.075	0.188	0.319	152.310	-0.341
0.194	-0.079	3.075	0.188	0.319	152.310	-0.338
0.195	-0.079	3.075	0.180	0.319	153.529	-0.341
0.197	-0.085	3.075	0.180	0.319	153.529	-0.342
0.198	-0.085	3.075	0.180	0.319	153.529	-0.342
0.200	-0.085	3.081	0.197	0.311	151.092	-0.341
0.202	-0.079	3.075	0.180	0.319	151.092	-0.341
0.203	-0.079	3.075	0.172	0.328	152.310	-0.342
0.205	-0.079	3.075	0.180	0.319	152.310	-0.341
0.206	-0.085	3.068	0.180	0.319	151.092	-0.343
0.208	-0.085	3.075	0.172	0.319	151.092	-0.342
0.210	-0.079	3.068	0.188	0.319	149.873	-0.341
0.211	-0.079	3.075	0.180	0.328	151.092	-0.343
0.213	-0.079	3.075	0.180	0.319	149.873	-0.343
0.214	-0.085	3.075	0.164	0.319	149.873	-0.342
0.216	-0.085	3.081	0.172	0.319	149.873	-0.341
0.218	-0.079	3.075	0.172	0.319	147.437	-0.342
0.219	-0.085	3.068	0.172	0.328	149.873	-0.342
0.221	-0.073	3.081	0.172	0.319	147.437	-0.342
0.222	-0.091	3.075	0.156	0.311	149.873	-0.342
0.224	-0.079	3.075	0.172	0.319	147.437	-0.342
0.226	-0.085	3.081	0.164	0.311	148.655	-0.342
0.227	-0.079	3.068	0.172	0.336	147.437	-0.341
0.229	-0.079	3.068	0.172	0.319	148.655	-0.343
0.230	-0.085	3.075	0.164	0.319	148.655	-0.342
0.232	-0.085	3.075	0.164	0.328	147.437	-0.343
0.234	-0.085	3.075	0.156	0.319	147.437	-0.342
0.235	-0.079	3.068	0.164	0.328	147.437	-0.343
0.237	-0.079	3.062	0.164	0.311	146.218	-0.342
0.238	-0.073	3.068	0.156	0.319	146.218	-0.343
0.240	-0.079	3.075	0.164	0.328	146.218	-0.342
0.242	-0.085	3.068	0.156	0.319	146.218	-0.343
0.243	-0.079	3.075	0.164	0.319	146.218	-0.342
0.245	-0.079	3.068	0.164	0.319	146.218	-0.343
0.246	-0.085	3.075	0.156	0.319	146.218	-0.343
0.248	-0.085	3.068	0.164	0.319	146.218	-0.342
0.250	-0.073	3.062	0.156	0.319	143.781	-0.342
0.251	-0.079	3.075	0.156	0.336	143.781	-0.343
0.253	-0.079	3.068	0.164	0.319	145.000	-0.342
0.254	-0.079	3.075	0.147	0.319	143.781	-0.342
0.256	-0.085	3.075	0.164	0.319	141.344	-0.342
0.258	-0.073	3.075	0.164	0.319	142.563	-0.343
0.259	-0.067	3.075	0.147	0.311	145.000	-0.343
0.261	-0.079	3.075	0.156	0.328	141.344	-0.342
0.262	-0.079	3.075	0.147	0.311	145.000	-0.343
0.264	-0.079	3.068	0.156	0.319	145.000	-0.341
0.266	-0.073	3.075	0.156	0.328	142.563	-0.343
0.267	-0.073	3.068	0.147	0.311	142.563	-0.343
0.269	-0.073	3.068	0.139	0.328	142.563	-0.343
0.270	-0.079	3.068	0.147	0.319	141.344	-0.343
0.272	-0.073	3.075	0.156	0.319	142.563	-0.341
0.274	-0.073	3.068	0.147	0.319	141.344	-0.343
0.275	-0.079	3.075	0.147	0.319	140.126	-0.344
0.277	-0.073	3.075	0.147	0.328	141.344	-0.343
0.278	-0.073	3.068	0.156	0.328	138.907	-0.342
0.280	-0.073	3.068	0.139	0.319	142.563	-0.341
0.282	-0.079	3.068	0.147	0.319	140.126	-0.341
0.283	-0.073	3.068	0.156	0.319	140.126	-0.342
0.285	-0.079	3.075	0.156	0.328	138.907	-0.343
0.286	-0.073	3.068	0.147	0.328	141.344	-0.342
0.288	-0.079	3.075	0.139	0.328	137.689	-0.342
0.290	-0.073	3.075	0.139	0.319	136.470	-0.343
0.291	-0.079	3.075	0.147	0.328	141.344	-0.342
0.293	-0.073	3.068	0.139	0.319	146.218	-0.342
0.294	-0.073	3.075	0.147	0.311	155.966	-0.343
0.296	-0.073	3.075	0.139	0.319	166.932	-0.343
0.298	-0.079	3.075	0.147	0.319	169.369	-0.344
0.299	-0.073	3.075	0.139	0.319	171.806	-0.343
0.301	-0.067	3.075	0.139	0.319	168.151	-0.342
0.302	-0.073	3.075	0.139	0.311	166.932	-0.342
0.304	-0.073	3.075	0.131	0.328	165.714	-0.343
0.306	-0.085	3.068	0.147	0.319	164.495	-0.342
0.307	-0.079	3.068	0.147	0.319	164.495	-0.343
0.309	-0.079	3.075	0.139	0.336	164.495	-0.343
0.310	-0.073	3.075	0.147	0.311	163.277	-0.342
0.312	-0.073	3.075	0.147	0.319	163.277	-0.343
0.314	-0.073	3.075	0.131	0.319	164.495	-0.343
0.315	-0.067	3.068	0.139	0.319	164.495	-0.343
0.317	-0.079	3.075	0.131	0.319	162.058	-0.342
0.318	-0.073	3.075	0.131	0.319	164.495	-0.343
0.320	-0.073	3.068	0.139	0.328	163.277	-0.344
0.322	-0.061	3.062	0.139	0.311	162.058	-0.343
0.323	-0.073	3.081	0.139	0.328	162.058	-0.344
0.325	-0.073	3.062	0.123	0.319	162.058	-0.343
0.326	-0.067	3.075	0.139	0.319	160.840	-0.344
0.328	-0.073	3.075	0.131	0.319	160.840	-0.342
0.330	-0.067	3.075	0.147	0.311	160.840	-0.344
0.331	-0.067	3.075	0.139	0.319	162.058	-0.344
0.333	-0.067	3.075	0.131	0.319	163.277	-0.343
0.334	-0.067	3.062	0.139	0.319	160.840	-0.342
0.336	-0.067	3.075	0.131	0.319	160.840	-0.344
0.338	-0.073	3.075	0.139	0.319	159.621	-0.343
0.339	-0.073	3.087	0.131	0.319	159.621	-0.343
0.341	-0.073	3.068	0.131	0.319	160.840	-0.342
0.342	-0.073	3.075	0.131	0.319	157.184	-0.343
0.344	-0.073	3.068	0.123	0.319	159.621	-0.342
0.346	-0.067	3.081	0.131	0.319	159.621	-0.343
0.347	-0.061	3.075	0.139	0.311	158.403	-0.343
0.349	-0.067	3.068	0.139	0.319	157.184	-0.341
0.350	-0.073	3.081	0.139	0.311	155.966	-0.342
0.352	-0.079	3.068	0.131	0.319	157.184	-0.342
0.354	-0.061	3.081	0.123	0.311	157.184	-0.342
0.355	-0.067	3.081	0.139	0.319	157.184	-0.341
0.357	-0.055	3.081	0.123	0.319	157.184	-0.341
0.358	-0.067	3.068	0.131	0.328	157.184	-0.343
0.360	-0.067	3.081	0.123	0.319	155.966	-0.343
0.362	-0.067	3.068	0.131	0.319	155.966	-0.343
0.363	-0.067	3.068	0.123	0.319	154.747	-0.343
0.365	-0.055	3.075	0.123	0.328	155.966	-0.343
0.366	-0.061	3.075	0.123	0.319	154.747	-0.342
0.368	-0.067	3.075	0.131	0.319	153.529	-0.342
0.370	-0.067	3.068	0.131	0.319	153.529	-0.342
0.371	-0.073	3.087	0.131	0.319	154.747	-0.343
0.373	-0.073	3.075	0.131	0.328	153.529	-0.343
0.374	-0.061	3.068	0.139	0.319	154.747	-0.342
0.376	-0.067	3.075	0.115	0.319	153.529	-0.342
0.378	-0.073	3.075	0.131	0.328	153.529	-0.341
0.379	-0.061	3.081	0.123	0.319	153.529	-0.342
0.381	-0.073	3.087	0.131	0.319	154.747	-0.342
0.382	-0.073	3.075	0.147	0.319	152.310	-0.343
0.384	-0.055	3.081	0.123	0.319	153.529	-0.343
0.386	-0.073	3.081	0.123	0.319	152.310	-0.343
0.387	-0.067	3.081	0.147	0.328	151.092	-0.342
0.389	-0.073	3.075	0.131	0.328	147.437	-0.342
0.390	-0.067	3.075	0.123	0.319	151.092	-0.343
0.392	-0.055	3.075	0.115	0.319	151.092	-0.343
0.394	-0.067	3.081	0.115	0.328	151.092	-0.343
0.395	-0.067	3.068	0.139	0.319	149.873	-0.341
0.397	-0.067	3.068	0.131	0.319	151.092	-0.342
0.398	-0.067	3.075	0.131	0.328	149.873	-0.342
0.400	-0.067	3.081	0.123	0.328	149.873	-0.341
0.402	-0.067	3.068	0.123	0.311	149.873	-0.341
0.403	-0.061	3.068	0.131	0.319	149.873	-0.339
0.405	-0.061	3.068	0.131	0.328	147.437	-0.342
0.406	-0.061	3.075	0.131	0.311	148.655	-0.342
0.408	-0.067	3.068	0.115	0.319	149.873	-0.342
0.410	9.650	3.087	0.131	0.319	148.655	-0.348
0.411	47.817	3.075	0.164	0.319	153.529	-0.342
0.413	49.638	3.056	0.213	0.319	146.218	-0.341
0.414	49.760	3.068	0.270	0.319	147.437	-0.339
0.416	49.784	3.068	0.311	0.311	147.437	-0.341
0.418	49.784	3.075	0.360	0.311	147.437	-0.339
0.419	49.784	3.062	0.393	0.311	146.218	-0.339
0.421	49.766	3.075	0.434	0.319	146.218	-0.338
0.422	49.778	3.075	0.467	0.311	147.437	-0.341
0.424	49.772	3.075	0.508	0.311	148.655	-0.342
0.426	49.766	3.068	0.541	0.319	147.437	-0.341
0.427	49.760	3.062	0.582	0.328	146.218	-0.341
0.429	49.747	3.068	0.606	0.319	147.437	-0.342
0.430	49.754	3.075	0.647	0.319	145.000	-0.341
0.432	49.735	3.062	0.680	0.319	143.781	-0.342
0.434	49.741	3.068	0.696	0.336	146.218	-0.342
0.435	49.729	3.062	0.745	0.319	145.000	-0.342
0.437	49.723	3.081	0.762	0.319	145.000	-0.341
0.438	49.729	3.068	0.803	0.311	145.000	-0.339
0.440	49.723	3.068	0.811	0.319	145.000	-0.339
0.442	49.723	3.062	0.860	0.319	143.781	-0.341
0.443	49.711	3.062	0.868	0.328	143.781	-0.341
0.445	49.711	3.068	0.926	0.319	142.563	-0.341
0.446	49.705	3.068	0.942	0.311	143.781	-0.342
0.448	49.693	3.075	0.958	0.319	145.000	-0.341
0.450	49.699	3.075	0.975	0.311	145.000	-0.339
0.451	3.921	3.062	0.975	0.319	138.907	-0.343
0.453	0.128	3.062	0.901	0.319	140.126	-0.338
0.454	-0.073	3.075	0.844	0.319	145.000	-0.342
0.456	-0.104	3.075	0.795	0.319	145.000	-0.341
0.458	-0.110	3.056	0.737	0.319	142.563	-0.341
0.459	-0.104	3.068	0.704	0.319	141.344	-0.341
0.461	-0.110	3.056	0.672	0.319	141.344	-0.342
0.462	-0.110	3.068	0.623	0.311	142.563	-0.342
0.464	-0.104	3.062	0.606	0.328	142.563	-0.338
0.466	-0.104	3.075	0.590	0.311	143.781	-0.341
0.467	-0.104	3.068	0.549	0.319	138.907	-0.342
0.469	-0.097	3.062	0.549	0.319	140.126	-0.338
0.470	-0.097	3.068	0.524	0.336	141.344	-0.342
0.472	-0.104	3.068	0.491	0.319	141.344	-0.341
0.474	-0.104	3.068	0.475	0.319	140.126	-0.341
0.475	-0.097	3.062	0.459	0.311	140.126	-0.341
0.477	-0.104	3.068	0.434	0.319	138.907	-0.339
0.478	-0.104	3.068	0.426	0.319	140.126	-0.342
0.480	-0.097	3.068	0.410	0.319	140.126	-0.338
0.482	-0.104	3.068	0.393	0.328	137.689	-0.341
0.483	-0.116	3.068	0.393	0.328	138.907	-0.341
0.485	-0.097	3.068	0.369	0.319	138.907	-0.341
0.486	-0.104	3.075	0.344	0.328	137.689	-0.341
0.488	-0.104	3.075	0.352	0.319	138.907	-0.341
0.490	-0.104	3.075	0.336	0.319	137.689	-0.341
0.491	-0.091	3.068	0.319	0.319	136.470	-0.342
0.493	-0.097	3.068	0.319	0.319	142.563	-0.339
0.494	-0.097	3.075	0.311	0.303	146.218	-0.341
0.496	-0.097	3.075	0.311	0.328	153.529	-0.341
0.498	-0.097	3.068	0.295	0.319	159.621	-0.341
0.499	-0.104	3.068	0.287	0.319	165.714	-0.341
0.501	-0.104	3.068	0.295	0.319	168.151	-0.341
0.502	-0.097	3.075	0.287	0.319	169.369	-0.342
0.504	-0.097	3.075	0.278	0.319	168.151	-0.339
0.506	-0.097	3.068	0.287	0.311	165.714	-0.342
0.507	-0.091	3.075	0.278	0.319	165.714	-0.342
0.509	-0.097	3.075	0.262	0.319	164.495	-0.341
0.510	-0.097	3.081	0.270	0.319	163.277	-0.342
0.512	-0.097	3.075	0.262	0.328	166.932	-0.339
0.514	-0.091	3.075	0.262	0.319	166.932	-0.339
0.515	-0.091	3.075	0.254	0.328	164.495	-0.338
0.517	-0.097	3.087	0.262	0.311	164.495	-0.339
0.518	-0.091	3.075	0.262	0.319	163.277	-0.339
0.520	-0.091	3.075	0.278	0.319	164.495	-0.339
0.522	-0.097	3.075	0.254	0.319	162.058	-0.339
0.523	-0.091	3.068	0.246	0.311	163.277	-0.339
0.525	-0.097	3.068	0.262	0.319	163.277	-0.341
0.526	-0.097	3.081	0.270	0.319	160.840	-0.341
0.528	-0.091	3.068	0.246	0.319	162.058	-0.339
0.530	-0.091	3.075	0.246	0.328	162.058	-0.339
0.531	-0.097	3.075	0.246	0.328	160.840	-0.341
0.533	-0.091	3.075	0.246	0.328	162.058	-0.339
0.534	-0.091	3.075	0.246	0.319	163.277	-0.339
0.536	-0.091	3.075	0.238	0.328	159.621	-0.341
0.538	-0.104	3.081	0.238	0.319	159.621	-0.341
0.539	-0.091	3.081	0.254	0.311	159.621	-0.339
0.541	-0.091	3.062	0.229	0.311	159.621	-0.341
0.542	-0.097	3.075	0.238	0.328	160.840	-0.341
0.544	-0.091	3.068	0.229	0.328	160.840	-0.339
0.546	-0.091	3.075	0.238	0.319	158.403	-0.342
0.547	-0.085	3.075	0.238	0.319	158.403	-0.341
0.549	-0.091	3.068	0.238	0.328	158.403	-0.341
0.550	-0.091	3.068	0.238	0.319	159.621	-0.341
0.552	-0.085	3.075	0.229	0.319	158.403	-0.341
0.554	-0.091	3.068	0.238	0.319	158.403	-0.338
0.555	-0.091	3.075	0.221	0.328	160.840	-0.339
0.557	-0.097	3.075	0.238	0.311	157.184	-0.339
0.558	-0.091	3.075	0.229	0.319	157.184	-0.342
0.560	-0.079	3.062	0.238	0.328	157.184	-0.339
0.562	-0.091	3.068	0.221	0.319	157.184	-0.339
0.563	-0.097	3.062	0.221	0.328	155.966	-0.339
0.565	-0.091	3.062	0.229	0.319	157.184	-0.338
0.566	-0.097	3.068	0.221	0.319	155.966	-0.341
0.568	-0.085	3.068	0.221	0.328	155.966	-0.339
0.570	-0.085	3.068	0.221	0.319	155.966	-0.341
0.571	-0.091	3.075	0.221	0.319	155.966	-0.342
0.573	-0.091	3.068	0.213	0.328	155.966	-0.338
0.574	-0.091	3.075	0.205	0.319	153.529	-0.339
0.576	-0.091	3.075	0.197	0.328	155.966	-0.341
0.578	-0.085	3.068	0.205	0.319	153.529	-0.338
0.579	-0.091	3.068	0.221	0.319	154.747	-0.339
0.581	-0.085	3.075	0.205	0.311	155.966	-0.338
0.582	-0.091	3.068	0.205	0.311	155.966	-0.341
0.584	-0.085	3.068	0.205	0.336	152.310	-0.339
0.586	-0.085	3.068	0.205	0.311	151.092	-0.341
0.587	-0.085	3.075	0.197	0.328	151.092	-0.341
0.589	-0.085	3.068	0.205	0.319	151.092	-0.339
0.590	-0.079	3.075	0.197	0.319	153.529	-0.339
0.592	-0.085	3.075	0.197	0.319	152.310	-0.341
0.594	-0.091	3.075	0.197	0.319	152.310	-0.341
0.595	-0.085	3.081	0.188	0.311	152.310	-0.339
0.597	-0.085	3.075	0.188	0.319	151.092	-0.341
0.598	-0.091	3.068	0.180	0.319	149.873	-0.341
0.600	-0.085	3.068	0.197	0.319	151.092	-0.341
0.602	-0.091	3.075	0.172	0.319	151.092	-0.341
0.603	-0.079	3.075	0.197	0.319	151.092	-0.341
0.605	-0.085	3.068	0.188	0.328	151.092	-0.341
0.606	-0.085	3.068	0.180	0.319	149.873	-0.341
0.608	-0.079	3.075	0.188	0.319	148.655	-0.339
0.610	-0.085	3.075	0.180	0.319	151.092	-0.341
0.611	-0.079	3.075	0.172	0.319	149.873	-0.339
0.613	-0.085	3.075	0.188	0.328	148.655	-0.341
0.614	-0.079	3.068	0.172	0.319	148.655	-0.341
0.616	-0.079	3.075	0.180	0.311	149.873	-0.339
0.618	-0.079	3.075	0.172	0.328	149.873	-0.342
0.619	-0.085	3.081	0.180	0.319	148.655	-0.341
0.621	-0.079	3.075	0.172	0.319	147.437	-0.342
0.622	-0.085	3.081	0.180	0.319	148.655	-0.342
0.624	-0.085	3.075	0.172	0.319	148.655	-0.342
0.626	-0.079	3.081	0.172	0.328	147.437	-0.342
0.627	-0.079	3.068	0.180	0.311	147.437	-0.342
0.629	-0.091	3.081	0.180	0.328	149.873	-0.342
0.630	-0.085	3.075	0.164	0.319	147.437	-0.341
0.632	-0.079	3.075	0.164	0.319	147.437	-0.341
0.634	-0.085	3.075	0.172	0.319	146.218	-0.341
0.635	-0.073	3.075	0.164	0.328	145.000	-0.342
0.637	-0.085	3.087	0.164	0.319	146.218	-0.339
0.638	-0.079	3.087	0.164	0.328	143.781	-0.341
0.640	-0.079	3.075	0.164	0.303	146.218	-0.341
0.642	-0.073	3.087	0.156	0.328	145.000	-0.339
0.643	-0.079	3.081	0.164	0.311	145.000	-0.341
0.645	-0.079	3.081	0.156	0.311	147.437	-0.341
0.646	-0.079	3.087	0.156	0.311	143.781	-0.339
0.648	-0.085	3.081	0.172	0.319	143.781	-0.342
0.650	-0.079	3.075	0.164	0.328	145.000	-0.341
0.651	-0.079	3.087	0.172	0.319	145.000	-0.342
0.653	-0.085	3.081	0.172	0.319	143.781	-0.342
0.654	-0.085	3.081	0.164	0.319	141.344	-0.342
0.656	-0.079	3.075	0.164	0.319	143.781	-0.339
0.658	-0.079	3.087	0.164	0.319	142.563	-0.342
0.659	-0.067	3.087	0.156	0.319	143.781	-0.342
0.661	-0.085	3.081	0.156	0.319	142.563	-0.341
0.662	-0.079	3.081	0.156	0.319	142.563	-0.341
0.664	-0.085	3.087	0.164	0.328	142.563	-0.341
0.666	-0.079	3.093	0.147	0.311	141.344	-0.341
0.667	-0.073	3.075	0.147	0.328	141.344	-0.342
0.669	-0.079	3.081	0.147	0.319	142.563	-0.339
0.670	-0.079	3.081	0.156	0.319	141.344	-0.341
0.672	-0.073	3.087	0.156	0.319	140.126	-0.341
0.674	-0.079	3.081	0.156	0.311	141.344	-0.342
0.675	-0.085	3.081	0.147	0.311	140.126	-0.341
0.677	-0.073	3.081	0.147	0.328	140.126	-0.339
0.678	-0.085	3.087	0.156	0.311	141.344	-0.341
0.680	-0.073	3.087	0.147	0.328	140.126	-0.341
0.682	-0.079	3.087	0.156	0.328	138.907	-0.341
0.683	-0.079	3.081	0.156	0.319	138.907	-0.339
0.685	-0.073	3.087	0.147	0.311	141.344	-0.341
0.686	-0.079	3.087	0.147	0.319	147.437	-0.343
0.688	-0.073	3.093	0.147	0.319	155.966	-0.342
0.690	-0.073	3.093	0.156	0.319	163.277	-0.342
0.691	-0.085	3.093	0.156	0.319	169.369	-0.341
0.693	-0.061	3.087	0.139	0.319	169.369	-0.341
0.694	-0.079	3.087	0.147	0.319	166.932	-0.343
0.696	-0.079	3.093	0.147	0.319	164.495	-0.342
0.698	-0.073	3.099	0.156	0.311	163.277	-0.342
0.699	-0.079	3.087	0.139	0.328	163.277	-0.341
0.701	-0.067	3.087	0.147	0.328	165.714	-0.339
0.702	-0.079	3.093	0.139	0.328	163.277	-0.342
0.704	-0.079	3.087	0.139	0.328	164.495	-0.341
0.706	-0.073	3.081	0.147	0.328	164.495	-0.339
0.707	-0.073	3.087	0.139	0.328	165.714	-0.341
0.709	-0.073	3.087	0.147	0.319	160.840	-0.342
0.710	-0.067	3.087	0.147	0.328	163.277	-0.341
0.712	-0.067	3.093	0.147	0.311	162.058	-0.342
0.714	-0.073	3.093	0.131	0.319	163.277	-0.342
0.715	-0.073	3.087	0.147	0.319	162.058	-0.343
0.717	-0.073	3.093	0.131	0.319	162.058	-0.341
0.718	-0.067	3.093	0.139	0.319	162.058	-0.341
0.720	-0.073	3.093	0.139	0.319	162.058	-0.339
0.722	-0.073	3.093	0.139	0.319	162.058	-0.341
0.723	-0.079	3.093	0.147	0.319	160.840	-0.341
0.725	-0.067	3.087	0.139	0.319	160.840	-0.341
0.726	-0.073	3.087	0.139	0.311	160.840	-0.342
0.728	-0.073	3.099	0.131	0.319	159.621	-0.342
0.730	-0.079	3.093	0.139	0.319	159.621	-0.343
0.731	-0.073	3.093	0.139	0.319	160.840	-0.341
0.733	-0.073	3.093	0.139	0.319	158.403	-0.343
0.734	-0.067	3.099	0.131	0.328	158.403	-0.343
0.736	-0.061	3.093	0.131	0.328	158.403	-0.341
0.738	-0.067	3.105	0.131	0.328	158.403	-0.341
0.739	-0.061	3.087	0.131	0.319	158.403	-0.342
0.741	-0.073	3.099	0.139	0.328	159.621	-0.341
0.742	-0.073	3.093	0.139	0.319	157.184	-0.341
0.744	-0.073	3.093	0.139	0.319	155.966	-0.339
0.746	-0.067	3.093	0.131	0.319	155.966	-0.342
0.747	-0.067	3.093	0.131	0.328	155.966	-0.341
0.749	-0.067	3.099	0.139	0.311	157.184	-0.342
0.750	-0.067	3.087	0.139	0.336	155.966	-0.341
0.752	-0.073	3.099	0.131	0.328	155.966	-0.341
0.754	-0.073	3.099	0.131	0.319	155.966	-0.339
0.755	-0.067	3.093	0.123	0.328	155.966	-0.342
0.757	-0.073	3.093	0.131	0.319	157.184	-0.341
0.758	-0.067	3.093	0.131	0.328	155.966	-0.341
0.760	-0.073	3.099	0.131	0.319	155.966	-0.342
0.762	-0.067	3.099	0.131	0.328	155.966	-0.339
0.763	-0.067	3.099	0.115	0.328	154.747	-0.342
0.765	-0.079	3.093	0.131	0.336	154.747	-0.342
0.766	-0.067	3.099	0.123	0.328	153.529	-0.343
0.768	-0.073	3.099	0.131	0.319	155.966	-0.341
0.770	-0.073	3.093	0.147	0.319	153.529	-0.342
0.771	-0.061	3.093	0.123	0.311	154.747	-0.341
0.773	-0.055	3.093	0.139	0.328	152.310	-0.341
0.774	-0.073	3.099	0.139	0.311	153.529	-0.341
0.776	-0.061	3.105	0.131	0.328	153.529	-0.342
0.778	-0.067	3.099	0.123	0.319	152.310	-0.341
0.779	-0.067	3.093	0.139	0.336	152.310	-0.341
0.781	-0.073	3.093	0.131	0.336	152.310	-0.341
0.782	-0.079	3.099	0.139	0.319	152.310	-0.341
0.784	-0.061	3.099	0.131	0.319	149.873	-0.341
0.786	-0.067	3.093	0.139	0.328	153.529	-0.339
0.787	-0.067	3.105	0.131	0.328	154.747	-0.338
0.789	-0.067	3.105	0.131	0.311	152.310	-0.339
0.790	-0.067	3.099	0.123	0.328	151.092	-0.339
0.792	-0.061	3.099	0.139	0.319	148.655	-0.339
0.794	-0.061	3.093	0.139	0.319	148.655	-0.342
0.795	-0.055	3.105	0.139	0.328	149.873	-0.342
0.797	-0.067	3.093	0.131	0.319	151.092	-0.341
0.798	-0.061	3.093	0.123	0.319	149.873	-0.341
0.800	-0.073	3.093	0.123	0.319	151.092	-0.339
0.802	-0.061	3.099	0.131	0.319	149.873	-0.342
0.803	-0.061	3.093	0.131	0.328	151.092	-0.342
0.805	-0.061	3.099	0.131	0.328	148.655	-0.341
0.806	-0.067	3.099	0.123	0.336	147.437	-0.339
0.808	-0.067	3.099	0.123	0.328	148.655	-0.341
0.810	-0.067	3.099	0.115	0.328	148.655	-0.339
0.811	-0.055	3.099	0.131	0.336	148.655	-0.341
0.813	-0.073	3.099	0.131	0.319	147.437	-0.339
0.814	-0.067	3.105	0.123	0.328	146.218	-0.341
0.816	-0.061	3.105	0.115	0.319	147.437	-0.338
0.818	-0.061	3.099	0.131	0.328	147.437	-0.337
0.819	12.128	3.117	0.131	0.319	142.563	-0.350
0.821	47.957	3.105	0.164	0.319	151.092	-0.342
0.822	49.650	3.099	0.213	0.311	147.437	-0.341
0.824	49.766	3.099	0.262	0.311	145.000	-0.337
0.826	49.784	3.111	0.311	0.328	146.218	-0.338
0.827	49.778	3.099	0.352	0.336	146.218	-0.339
0.829	49.778	3.105	0.393	0.328	145.000	-0.337
0.830	49.778	3.099	0.442	0.319	146.218	-0.341
0.832	49.772	3.105	0.467	0.319	145.000	-0.337
0.834	49.766	3.099	0.508	0.319	143.781	-0.341
0.835	49.766	3.099	0.549	0.319	146.218	-0.341
0.837	49.760	3.105	0.582	0.319	142.563	-0.339
0.838	49.754	3.099	0.614	0.328	143.781	-0.341
0.840	49.741	3.099	0.647	0.336	142.563	-0.339
0.842	49.747	3.105	0.688	0.336	145.000	-0.339
0.843	49.741	3.105	0.713	0.319	145.000	-0.339
0.845	49.729	3.099	0.745	0.328	143.781	-0.339
0.846	49.735	3.099	0.770	0.328	141.344	-0.338
0.848	49.723	3.105	0.795	0.319	141.344	-0.339
0.850	49.723	3.117	0.819	0.336	143.781	-0.341
0.851	49.717	3.105	0.860	0.319	142.563	-0.341
0.853	49.711	3.099	0.885	0.328	142.563	-0.339
0.854	49.705	3.111	0.909	0.319	142.563	-0.338
0.856	49.705	3.105	0.934	0.328	141.344	-0.339
0.858	49.693	3.111	0.975	0.319	141.344	-0.338
0.859	49.687	3.111	0.991	0.328	140.126	-0.339
0.861	7.933	3.111	0.999	0.319	138.907	-0.339
0.862	0.323	3.111	0.942	0.319	136.470	-0.341
0.864	-0.067	3.105	0.885	0.328	141.344	-0.338
0.866	-0.091	3.111	0.819	0.319	142.563	-0.338
0.867	-0.110	3.111	0.770	0.311	142.563	-0.339
0.869	-0.104	3.105	0.713	0.319	140.126	-0.339
0.870	-0.104	3.111	0.680	0.328	138.907	-0.341
0.872	-0.104	3.111	0.639	0.328	138.907	-0.338
0.874	-0.116	3.117	0.606	0.328	138.907	-0.341
0.875	-0.104	3.111	0.590	0.328	140.126	-0.339
0.877	-0.110	3.123	0.557	0.311	138.907	-0.339
0.878	-0.104	3.111	0.557	0.328	138.907	-0.341
0.880	-0.110	3.111	0.516	0.328	138.907	-0.338
0.882	-0.104	3.117	0.491	0.319	138.907	-0.338
0.883	-0.104	3.123	0.491	0.328	137.689	-0.341
0.885	-0.097	3.111	0.467	0.319	137.689	-0.339
0.886	-0.104	3.111	0.442	0.328	138.907	-0.339
0.888	-0.104	3.117	0.426	0.328	143.781	-0.341
0.890	-0.097	3.111	0.418	0.319	148.655	-0.341
0.891	-0.091	3.111	0.401	0.319	157.184	-0.339
0.893	-0.097	3.111	0.377	0.336	164.495	-0.341
0.894	-0.097	3.123	0.377	0.336	166.932	-0.341
0.896	-0.104	3.117	0.360	0.328	170.588	-0.339
0.898	-0.097	3.117	0.369	0.319	169.369	-0.341
0.899	-0.104	3.117	0.344	0.328	168.151	-0.341
0.901	-0.104	3.111	0.328	0.319	165.714	-0.339
0.902	-0.097	3.117	0.328	0.319	165.714	-0.339
0.904	-0.104	3.117	0.319	0.336	164.495	-0.341
0.906	-0.097	3.117	0.328	0.328	164.495	-0.341
0.907	-0.110	3.117	0.303	0.319	166.932	-0.341
0.909	-0.097	3.123	0.295	0.319	165.714	-0.341
0.910	-0.104	3.117	0.295	0.328	165.714	-0.338
0.912	-0.097	3.123	0.295	0.328	163.277	-0.339
0.914	-0.097	3.117	0.295	0.328	163.277	-0.339
0.915	-0.097	3.117	0.287	0.328	164.495	-0.339
0.917	-0.085	3.123	0.287	0.328	164.495	-0.341
0.918	-0.091	3.111	0.270	0.319	162.058	-0.341
0.920	-0.091	3.123	0.278	0.319	162.058	-0.338
0.922	-0.097	3.129	0.270	0.319	160.840	-0.339
0.923	-0.104	3.117	0.278	0.336	162.058	-0.341
0.925	-0.091	3.117	0.270	0.319	163.277	-0.339
0.926	-0.097	3.123	0.262	0.319	160.840	-0.338
0.928	-0.104	3.123	0.262	0.328	160.840	-0.341
0.930	-0.097	3.105	0.270	0.328	160.840	-0.339
0.931	-0.110	3.117	0.270	0.328	159.621	-0.341
0.933	-0.085	3.117	0.254	0.328	159.621	-0.338
0.934	-0.097	3.117	0.262	0.328	159.621	-0.342
0.936	-0.091	3.123	0.254	0.319	159.621	-0.339
0.938	-0.110	3.123	0.262	0.328	160.840	-0.339
0.939	-0.097	3.111	0.254	0.328	159.621	-0.339
0.941	-0.085	3.111	0.246	0.328	158.403	-0.341
0.942	-0.091	3.117	0.246	0.319	158.403	-0.339
0.944	-0.097	3.117	0.246	0.319	158.403	-0.339
0.946	-0.091	3.123	0.246	0.328	158.403	-0.341
0.947	-0.091	3.111	0.254	0.328	158.403	-0.339
0.949	-0.091	3.123	0.246	0.328	157.184	-0.341
0.950	-0.091	3.117	0.254	0.319	158.403	-0.341
0.952	-0.097	3.123	0.238	0.319	157.184	-0.338
0.954	-0.091	3.117	0.246	0.319	155.966	-0.342
0.955	-0.091	3.117	0.238	0.311	158.403	-0.339
0.957	-0.091	3.117	0.238	0.328	155.966	-0.341
0.958	-0.097	3.111	0.254	0.336	157.184	-0.343
0.960	-0.091	3.117	0.238	0.328	155.966	-0.341
0.962	-0.085	3.123	0.238	0.319	157.184	-0.341
0.963	-0.091	3.111	0.221	0.328	155.966	-0.341
0.965	-0.091	3.117	0.221	0.319	155.966	-0.343
0.966	-0.091	3.111	0.238	0.319	155.966	-0.341
0.968	-0.091	3.111	0.246	0.328	154.747	-0.342
0.970	-0.091	3.117	0.229	0.319	153.529	-0.341
0.971	-0.091	3.117	0.229	0.319	155.966	-0.339
0.973	-0.085	3.117	0.221	0.328	154.747	-0.341
0.974	-0.085	3.123	0.221	0.319	155.966	-0.339
0.976	-0.085	3.117	0.221	0.328	155.966	-0.339
0.978	-0.091	3.123	0.229	0.328	153.529	-0.341
0.979	-0.091	3.117	0.213	0.328	151.092	-0.339
0.981	-0.097	3.123	0.205	0.311	151.092	-0.342
0.982	-0.091	3.123	0.213	0.328	152.310	-0.342
0.984	-0.091	3.111	0.221	0.328	152.310	-0.338
0.986	-0.085	3.123	0.205	0.319	153.529	-0.341
0.987	-0.079	3.117	0.205	0.328	152.310	-0.343
0.989	-0.097	3.123	0.213	0.328	152.310	-0.342
0.990	-0.097	3.117	0.213	0.328	152.310	-0.342
0.992	-0.085	3.123	0.205	0.336	151.092	-0.342
0.994	-0.085	3.111	0.205	0.328	151.092	-0.339
0.995	-0.091	3.117	0.205	0.328	149.873	-0.341
0.997	-0.085	3.117	0.205	0.319	151.092	-0.343
0.998	-0.091	3.123	0.213	0.328	148.655	-0.343
1.000	-0.085	3.117	0.197	0.328	151.092	-0.343
1.002	-0.091	3.117	0.197	0.328	148.655	-0.342
1.003	-0.085	3.111	0.197	0.336	152.310	-0.344
1.005	-0.085	3.111	0.197	0.328	148.655	-0.342
1.006	-0.091	3.117	0.188	0.319	148.655	-0.342
1.008	-0.079	3.129	0.197	0.328	149.873	-0.339
1.010	-0.085	3.117	0.197	0.336	148.655	-0.342
1.011	-0.091	3.117	0.205	0.328	148.655	-0.343
1.013	-0.085	3.117	0.197	0.319	147.437	-0.342
1.014	-0.091	3.117	0.172	0.328	148.655	-0.343
1.016	-0.085	3.117	0.197	0.319	147.437	-0.343
1.018	-0.085	3.111	0.188	0.319	147.437	-0.341
1.019	-0.091	3.111	0.180	0.328	147.437	-0.343
1.021	-0.079	3.123	0.197	0.319	148.655	-0.341
1.022	-0.079	3.117	0.180	0.328	148.655	-0.342
1.024	-0.085	3.111	0.180	0.328	147.437	-0.341
1.026	-0.091	3.117	0.180	0.328	147.437	-0.341
1.027	-0.079	3.123	0.172	0.328	147.437	-0.342
1.029	-0.085	3.123	0.180	0.328	146.218	-0.342
1.030	-0.079	3.117	0.172	0.319	147.437	-0.341
1.032	-0.079	3.129	0.172	0.319	145.000	-0.341
1.034	-0.091	3.111	0.172	0.328	146.218	-0.342
1.035	-0.079	3.123	0.172	0.328	146.218	-0.343
1.037	-0.079	3.117	0.180	0.336	143.781	-0.341
1.038	-0.079	3.111	0.180	0.319	145.000	-0.342
1.040	-0.085	3.111	0.172	0.319	146.218	-0.341
1.042	-0.079	3.117	0.164	0.328	142.563	-0.341
1.043	-0.091	3.117	0.188	0.319	145.000	-0.339
1.045	-0.079	3.111	0.164	0.328	143.781	-0.344
1.046	-0.085	3.117	0.164	0.328	143.781	-0.343
1.048	-0.085	3.117	0.180	0.319	141.344	-0.341
1.050	-0.085	3.111	0.156	0.328	143.781	-0.342
1.051	-0.085	3.111	0.164	0.328	142.563	-0.342
1.053	-0.085	3.099	0.156	0.319	143.781	-0.343
1.054	-0.073	3.111	0.164	0.311	142.563	-0.341
1.056	-0.079	3.111	0.172	0.319	142.563	-0.341
1.058	-0.085	3.111	0.172	0.319	143.781	-0.342
1.059	-0.079	3.123	0.164	0.328	142.563	-0.343
1.061	-0.073	3.105	0.156	0.328	142.563	-0.341
1.062	-0.085	3.111	0.172	0.328	140.126	-0.343
1.064	-0.073	3.111	0.164	0.319	141.344	-0.341
1.066	-0.079	3.105	0.156	0.311	140.126	-0.342
1.067	-0.073	3.117	0.164	0.328	140.126	-0.342
1.069	-0.079	3.105	0.156	0.328	141.344	-0.343
1.070	-0.085	3.111	0.164	0.319	141.344	-0.343
1.072	-0.079	3.123	0.164	0.319	140.126	-0.339
1.074	-0.079	3.111	0.164	0.319	138.907	-0.342
1.075	-0.079	3.111	0.147	0.328	140.126	-0.342
1.077	-0.073	3.111	0.164	0.336	140.126	-0.343
1.078	-0.079	3.111	0.156	0.319	138.907	-0.341
1.080	-0.085	3.111	0.156	0.319	145.000	-0.343
1.082	-0.079	3.111	0.156	0.328	151.092	-0.343
1.083	-0.085	3.111	0.164	0.328	160.840	-0.342
1.085	-0.073	3.111	0.147	0.311	166.932	-0.343
1.086	-0.079	3.111	0.164	0.319	168.151	-0.342
1.088	-0.079	3.111	0.147	0.328	169.369	-0.342
1.090	-0.085	3.105	0.156	0.319	166.932	-0.343
1.091	-0.085	3.099	0.156	0.319	164.495	-0.343
1.093	-0.079	3.099	0.147	0.319	164.495	-0.343
1.094	-0.073	3.105	0.147	0.319	163.277	-0.344
1.096	-0.079	3.111	0.147	0.319	165.714	-0.343
1.098	-0.079	3.099	0.147	0.319	166.932	-0.344
1.099	-0.073	3.099	0.164	0.328	163.277	-0.344
1.101	-0.079	3.105	0.147	0.328	164.495	-0.343
1.102	-0.085	3.105	0.147	0.319	163.277	-0.343
1.104	-0.067	3.105	0.147	0.319	165.714	-0.343
1.106	-0.079	3.111	0.147	0.328	162.058	-0.343
1.107	-0.073	3.099	0.147	0.328	163.277	-0.344
1.109	-0.067	3.099	0.139	0.328	163.277	-0.343
1.110	-0.073	3.099	0.139	0.319	163.277	-0.344
1.112	-0.073	3.099	0.131	0.319	162.058	-0.344
1.114	-0.079	3.099	0.147	0.328	162.058	-0.343
1.115	-0.073	3.099	0.147	0.328	162.058	-0.343
1.117	-0.073	3.099	0.147	0.328	162.058	-0.343
1.118	-0.073	3.099	0.147	0.319	162.058	-0.342
1.120	-0.079	3.099	0.139	0.328	162.058	-0.343
1.122	-0.067	3.099	0.139	0.319	159.621	-0.345
1.123	-0.073	3.093	0.156	0.328	160.840	-0.343
1.125	-0.079	3.099	0.139	0.328	160.840	-0.343
1.126	-0.079	3.099	0.147	0.311	158.403	-0.343
1.128	-0.073	3.087	0.139	0.319	158.403	-0.343
1.130	-0.073	3.087	0.131	0.319	160.840	-0.343
1.131	-0.067	3.093	0.139	0.328	158.403	-0.342
1.133	-0.079	3.099	0.147	0.328	157.184	-0.343
1.134	-0.067	3.093	0.131	0.319	158.403	-0.343
1.136	-0.079	3.087	0.139	0.311	158.403	-0.344
1.138	-0.073	3.087	0.131	0.311	157.184	-0.343
1.139	-0.073	3.093	0.139	0.328	158.403	-0.344
1.141	-0.073	3.087	0.139	0.319	157.184	-0.342
1.142	-0.079	3.087	0.139	0.328	157.184	-0.344
1.144	-0.067	3.087	0.139	0.319	157.184	-0.343
1.146	-0.073	3.087	0.123	0.319	157.184	-0.342
1.147	-0.079	3.087	0.147	0.328	155.966	-0.343
1.149	-0.067	3.093	0.139	0.328	155.966	-0.343
1.150	-0.067	3.093	0.131	0.319	155.966	-0.343
1.152	-0.067	3.087	0.131	0.319	158.403	-0.342
1.154	-0.073	3.087	0.139	0.319	153.529	-0.344
1.155	-0.073	3.087	0.123	0.336	155.966	-0.343
1.157	-0.067	3.087	0.139	0.319	155.966	-0.341
1.158	-0.067	3.093	0.131	0.328	153.529	-0.342
1.160	-0.073	3.087	0.131	0.319	154.747	-0.342
1.162	-0.067	3.087	0.139	0.336	154.747	-0.343
1.163	-0.073	3.087	0.131	0.319	155.966	-0.344
1.165	-0.067	3.087	0.131	0.319	154.747	-0.344
1.166	-0.061	3.081	0.139	0.328	153.529	-0.343
1.168	-0.067	3.087	0.131	0.319	153.529	-0.343
1.170	-0.067	3.093	0.131	0.319	152.310	-0.343
1.171	-0.067	3.087	0.139	0.319	152.310	-0.343
1.173	-0.067	3.081	0.131	0.319	152.310	-0.343
1.174	-0.073	3.093	0.123	0.319	153.529	-0.344
1.176	-0.067	3.087	0.131	0.311	152.310	-0.344
1.178	-0.067	3.093	0.131	0.319	149.873	-0.343
1.179	-0.073	3.081	0.123	0.319	152.310	-0.343
1.181	-0.067	3.087	0.131	0.328	153.529	-0.342
1.182	-0.073	3.081	0.131	0.319	152.310	-0.343
1.184	-0.061	3.081	0.123	0.319	152.310	-0.343
1.186	-0.061	3.081	0.115	0.328	151.092	-0.343
1.187	-0.073	3.087	0.131	0.319	149.873	-0.341
1.189	-0.067	3.087	0.131	0.328	148.655	-0.342
1.190	-0.073	3.081	0.147	0.319	149.873	-0.343
1.192	-0.067	3.081	0.139	0.328	152.310	-0.339
1.194	-0.067	3.081	0.123	0.328	151.092	-0.342
1.195	-0.067	3.087	0.131	0.319	149.873	-0.339
1.197	-0.079	3.087	0.139	0.319	147.437	-0.339
1.198	-0.067	3.075	0.139	0.311	149.873	-0.342
1.200	-0.067	3.093	0.131	0.319	148.655	-0.339
1.202	-0.067	3.087	0.123	0.319	147.437	-0.341
1.203	-0.067	3.087	0.131	0.311	147.437	-0.342
1.205	-0.067	3.087	0.131	0.319	146.218	-0.341
1.206	-0.055	3.087	0.131	0.319	148.655	-0.342
1.208	-0.067	3.081	0.123	0.319	147.437	-0.341
1.210	-0.067	3.087	0.131	0.311	147.437	-0.341
1.211	-0.073	3.087	0.123	0.328	147.437	-0.341
1.213	-0.067	3.087	0.123	0.311	147.437	-0.341
1.214	-0.067	3.081	0.123	0.319	147.437	-0.339
1.216	-0.073	3.093	0.123	0.328	146.218	-0.341
1.218	-0.067	3.087	0.123	0.319	146.218	-0.341
1.219	-0.061	3.087	0.139	0.328	143.781	-0.342
1.221	-0.061	3.081	0.123	0.319	146.218	-0.341
1.222	-0.061	3.087	0.131	0.328	145.000	-0.339
1.224	-0.061	3.087	0.131	0.328	145.000	-0.341
1.226	-0.067	3.087	0.123	0.319	146.218	-0.339
1.227	-0.067	3.087	0.123	0.328	143.781	-0.341
1.229	14.606	3.099	0.106	0.319	137.689	-0.353
1.230	48.079	3.081	0.164	0.344	149.873	-0.343
1.232	49.650	3.081	0.221	0.319	143.781	-0.339
1.234	49.766	3.081	0.270	0.311	142.563	-0.339
1.235	49.790	3.081	0.328	0.319	142.563	-0.341
1.237	49.784	3.075	0.360	0.319	142.563	-0.339
1.238	49.784	3.075	0.410	0.328	143.781	-0.341
1.240	49.784	3.068	0.434	0.319	145.000	-0.341
1.242	49.784	3.081	0.475	0.319	143.781	-0.338
1.243	49.772	3.093	0.524	0.328	141.344	-0.341
1.245	49.766	3.087	0.549	0.328	141.344	-0.339
1.246	49.754	3.075	0.582	0.328	142.563	-0.341
1.248	49.747	3.081	0.614	0.319	142.563	-0.339
1.250	49.754	3.081	0.647	0.328	142.563	-0.339
1.251	49.747	3.087	0.672	0.319	141.344	-0.339
1.253	49.735	3.075	0.713	0.319	141.344	-0.338
1.254	49.747	3.081	0.745	0.319	141.344	-0.341
1.256	49.735	3.075	0.770	0.319	142.563	-0.339
1.258	49.729	3.075	0.795	0.319	140.126	-0.339
1.259	49.711	3.062	0.819	0.328	141.344	-0.341
1.261	49.717	3.075	0.852	0.336	141.344	-0.341
1.262	49.711	3.075	0.885	0.319	140.126	-0.339
1.264	49.705	3.075	0.901	0.319	140.126	-0.339
1.266	49.699	3.068	0.926	0.311	137.689	-0.341
1.267	49.699	3.068	0.967	0.319	140.126	-0.339
1.269	49.693	3.068	0.999	0.311	138.907	-0.339
1.270	7.367	3.068	1.007	0.328	137.689	-0.341
1.272	0.298	3.062	0.942	0.319	134.033	-0.342
1.274	-0.055	3.062	0.868	0.303	138.907	-0.338
1.275	-0.091	3.062	0.811	0.319	140.126	-0.339
1.277	-0.104	3.068	0.770	0.319	138.907	-0.342
1.278	-0.110	3.062	0.729	0.319	137.689	-0.341
1.280	-0.104	3.062	0.680	0.311	137.689	-0.339
1.282	-0.104	3.062	0.639	0.311	140.126	-0.339
1.283	-0.110	3.062	0.623	0.319	146.218	-0.341
1.285	-0.104	3.062	0.598	0.319	152.310	-0.339
1.286	-0.104	3.062	0.582	0.319	159.621	-0.339
1.288	-0.110	3.056	0.549	0.319	166.932	-0.339
1.290	-0.097	3.056	0.524	0.328	168.151	-0.339
1.291	-0.104	3.056	0.508	0.319	170.588	-0.339
1.293	-0.097	3.044	0.483	0.319	168.151	-0.339
1.294	-0.104	3.062	0.459	0.311	166.932	-0.338
1.296	-0.097	3.062	0.442	0.311	166.932	-0.341
1.298	-0.104	3.056	0.426	0.303	164.495	-0.339
1.299	-0.104	3.050	0.418	0.328	165.714	-0.339
1.301	-0.104	3.050	0.401	0.328	164.495	-0.338
1.302	-0.104	3.050	0.385	0.319	164.495	-0.341
1.304	-0.097	3.056	0.377	0.319	164.495	-0.338
1.306	-0.097	3.050	0.360	0.311	165.714	-0.339
1.307	-0.097	3.044	0.360	0.328	164.495	-0.339
1.309	-0.104	3.044	0.344	0.328	163.277	-0.339
1.310	-0.097	3.050	0.344	0.303	162.058	-0.339
1.312	-0.097	3.050	0.336	0.319	163.277	-0.338
1.314	-0.097	3.044	0.319	0.328	163.277	-0.339
1.315	-0.097	3.056	0.319	0.328	163.277	-0.338
1.317	-0.097	3.044	0.303	0.311	162.058	-0.339
1.318	-0.097	3.050	0.303	0.319	160.840	-0.339
1.320	-0.091	3.050	0.295	0.319	160.840	-0.341
1.322	-0.097	3.050	0.295	0.311	160.840	-0.341
1.323	-0.097	3.044	0.278	0.319	162.058	-0.338
1.325	-0.097	3.050	0.295	0.319	160.840	-0.339
1.326	-0.091	3.044	0.278	0.311	160.840	-0.341
1.328	-0.097	3.044	0.278	0.311	160.840	-0.339
1.330	-0.097	3.050	0.270	0.328	159.621	-0.339
1.331	-0.104	3.050	0.270	0.319	159.621	-0.338
1.333	-0.097	3.050	0.262	0.328	159.621	-0.338
1.334	-0.091	3.050	0.278	0.311	159.621	-0.339
1.336	-0.104	3.044	0.270	0.319	157.184	-0.341
1.338	-0.104	3.032	0.262	0.319	158.403	-0.338
1.339	-0.091	3.044	0.254	0.311	158.403	-0.339
1.341	-0.104	3.050	0.254	0.319	157.184	-0.339
1.342	-0.091	3.038	0.254	0.319	157.184	-0.338
1.344	-0.097	3.044	0.270	0.319	159.621	-0.341
1.346	-0.091	3.038	0.270	0.311	157.184	-0.339
1.347	-0.097	3.044	0.246	0.319	155.966	-0.341
1.349	-0.097	3.044	0.254	0.311	154.747	-0.339
1.350	-0.091	3.044	0.254	0.311	157.184	-0.341
1.352	-0.091	3.038	0.254	0.319	157.184	-0.339
1.354	-0.097	3.044	0.246	0.328	154.747	-0.339
1.355	-0.091	3.044	0.246	0.328	155.966	-0.339
1.357	-0.097	3.038	0.246	0.328	155.966	-0.339
1.358	-0.097	3.044	0.238	0.311	155.966	-0.341
1.360	-0.091	3.038	0.246	0.319	153.529	-0.341
1.362	-0.085	3.044	0.246	0.311	152.310	-0.339
1.363	-0.091	3.038	0.254	0.319	154.747	-0.339
1.365	-0.091	3.038	0.246	0.319	154.747	-0.341
1.366	-0.097	3.044	0.238	0.328	154.747	-0.339
1.368	-0.097	3.044	0.238	0.311	155.966	-0.339
1.370	-0.085	3.044	0.246	0.319	154.747	-0.339
1.371	-0.091	3.038	0.238	0.336	154.747	-0.341
1.373	-0.091	3.038	0.229	0.311	152.310	-0.342
1.374	-0.085	3.038	0.238	0.311	153.529	-0.341
1.376	-0.091	3.044	0.221	0.319	152.310	-0.337
1.378	-0.085	3.044	0.229	0.311	153.529	-0.341
1.379	-0.091	3.038	0.238	0.319	153.529	-0.339
1.381	-0.091	3.038	0.229	0.303	152.310	-0.339
1.382	-0.091	3.026	0.213	0.319	153.529	-0.341
1.384	-0.085	3.038	0.229	0.311	151.092	-0.342
1.386	-0.085	3.038	0.213	0.319	151.092	-0.342
1.387	-0.085	3.044	0.229	0.311	151.092	-0.341
1.389	-0.097	3.038	0.213	0.319	151.092	-0.342
1.390	-0.097	3.026	0.213	0.311	149.873	-0.341
1.392	-0.091	3.038	0.221	0.311	152.310	-0.339
1.394	-0.091	3.044	0.213	0.319	149.873	-0.341
1.395	-0.091	3.044	0.229	0.319	149.873	-0.342
1.397	-0.097	3.044	0.205	0.319	151.092	-0.343
1.398	-0.091	3.038	0.213	0.319	149.873	-0.342
1.400	-0.085	3.038	0.205	0.319	149.873	-0.343
1.402	-0.091	3.044	0.213	0.311	149.873	-0.342
1.403	-0.079	3.050	0.213	0.319	148.655	-0.342
1.405	-0.085	3.044	0.205	0.328	147.437	-0.342
1.406	-0.085	3.038	0.205	0.319	146.218	-0.343
1.408	-0.085	3.038	0.197	0.319	148.655	-0.342
1.410	-0.085	3.038	0.197	0.311	147.437	-0.343
1.411	-0.079	3.044	0.197	0.319	148.655	-0.343
1.413	-0.079	3.038	0.197	0.319	146.218	-0.342
1.414	-0.085	3.032	0.197	0.328	149.873	-0.343
1.416	-0.097	3.044	0.197	0.311	147.437	-0.343
1.418	-0.085	3.038	0.197	0.311	147.437	-0.343
1.419	-0.079	3.038	0.197	0.328	147.437	-0.342
1.421	-0.085	3.038	0.180	0.311	147.437	-0.344
1.422	-0.085	3.032	0.205	0.303	145.000	-0.344
1.424	-0.085	3.032	0.188	0.319	146.218	-0.342
1.426	-0.091	3.038	0.180	0.319	146.218	-0.343
1.427	-0.085	3.038	0.180	0.319	146.218	-0.342
1.429	-0.085	3.032	0.180	0.311	143.781	-0.343
1.430	-0.079	3.032	0.180	0.319	145.000	-0.343
1.432	-0.073	3.038	0.188	0.319	143.781	-0.342
1.434	-0.091	3.038	0.180	0.311	145.000	-0.344
1.435	-0.085	3.026	0.172	0.311	145.000	-0.343
1.437	-0.085	3.026	0.180	0.319	141.344	-0.342
1.438	-0.079	3.026	0.180	0.311	145.000	-0.341
1.440	-0.085	3.032	0.180	0.319	143.781	-0.342
1.442	-0.079	3.032	0.172	0.319	141.344	-0.343
1.443	-0.091	3.026	0.180	0.319	143.781	-0.339
1.445	-0.079	3.026	0.180	0.311	145.000	-0.343
1.446	-0.079	3.032	0.172	0.311	143.781	-0.343
1.448	-0.085	3.020	0.172	0.319	142.563	-0.341
1.450	-0.073	3.026	0.172	0.319	141.344	-0.343
1.451	-0.073	3.020	0.172	0.311	142.563	-0.343
1.453	-0.085	3.026	0.172	0.319	142.563	-0.341
1.454	-0.091	3.020	0.172	0.319	142.563	-0.343
1.456	-0.085	3.026	0.172	0.319	141.344	-0.342
1.458	-0.079	3.026	0.172	0.319	140.126	-0.342
1.459	-0.079	3.026	0.164	0.311	141.344	-0.341
1.461	-0.079	3.020	0.164	0.319	141.344	-0.341
1.462	-0.079	3.014	0.172	0.328	141.344	-0.339
1.464	-0.079	3.026	0.180	0.319	141.344	-0.343
1.466	-0.073	3.026	0.164	0.311	140.126	-0.341
1.467	-0.085	3.020	0.164	0.319	141.344	-0.343
1.469	-0.085	3.026	0.164	0.311	140.126	-0.343
1.470	-0.079	3.026	0.164	0.319	137.689	-0.342
1.472	-0.085	3.032	0.164	0.319	137.689	-0.343
1.474	-0.079	3.020	0.156	0.319	141.344	-0.341
1.475	-0.085	3.026	0.164	0.319	148.655	-0.342
1.477	-0.073	3.032	0.156	0.311	157.184	-0.342
1.478	-0.079	3.014	0.156	0.311	165.714	-0.342
1.480	-0.085	3.020	0.156	0.311	168.151	-0.341
1.482	-0.067	3.026	0.164	0.328	170.588	-0.342
1.483	-0.079	3.026	0.164	0.311	166.932	-0.343
1.485	-0.073	3.020	0.156	0.319	165.714	-0.343
1.486	-0.079	3.020	0.147	0.311	165.714	-0.342
1.488	-0.079	3.032	0.156	0.311	165.714	-0.342
1.490	-0.079	3.026	0.156	0.319	164.495	-0.343
1.491	-0.079	3.020	0.156	0.319	164.495	-0.342
1.493	-0.073	3.026	0.156	0.319	163.277	-0.343
1.494	-0.085	3.020	0.156	0.311	164.495	-0.343
1.496	-0.079	3.014	0.156	0.303	164.495	-0.343
1.498	-0.079	3.020	0.147	0.328	163.277	-0.342
1.499	-0.067	3.020	0.164	0.311	163.277	-0.342
1.501	-0.079	3.020	0.156	0.328	162.058	-0.342
1.502	-0.073	3.020	0.156	0.303	162.058	-0.342
1.504	-0.073	3.020	0.147	0.319	163.277	-0.343
1.506	-0.073	3.020	0.147	0.328	163.277	-0.343
1.507	-0.073	3.026	0.139	0.311	160.840	-0.342
1.509	-0.073	3.014	0.156	0.319	160.840	-0.341
1.510	-0.079	3.020	0.147	0.311	160.840	-0.343
1.512	-0.073	3.020	0.156	0.311	160.840	-0.342
1.514	-0.073	3.026	0.147	0.319	159.621	-0.343
1.515	-0.079	3.020	0.147	0.303	162.058	-0.342
1.517	-0.079	3.014	0.139	0.311	158.403	-0.343
1.518	-0.067	3.014	0.156	0.328	160.840	-0.343
1.520	-0.073	3.020	0.147	0.303	159.621	-0.341
1.522	-0.079	3.020	0.147	0.319	158.403	-0.342
1.523	-0.073	3.008	0.156	0.319	159.621	-0.343
1.525	-0.067	3.020	0.147	0.303	159.621	-0.342
1.526	-0.067	3.014	0.139	0.319	159.621	-0.344
1.528	-0.067	3.014	0.156	0.319	158.403	-0.343
1.530	-0.079	3.014	0.139	0.328	158.403	-0.343
1.531	-0.073	3.020	0.147	0.319	158.403	-0.343
1.533	-0.073	3.032	0.139	0.311	159.621	-0.342
1.534	-0.067	3.020	0.147	0.319	158.403	-0.342
1.536	-0.073	3.014	0.131	0.319	154.747	-0.341
1.538	-0.073	3.020	0.139	0.319	157.184	-0.342
1.539	-0.079	3.008	0.139	0.311	155.966	-0.344
1.541	-0.079	3.014	0.147	0.319	157.184	-0.341
1.542	-0.067	3.014	0.147	0.319	157.184	-0.342
1.544	-0.073	3.014	0.131	0.311	155.966	-0.343
1.546	-0.073	3.020	0.131	0.319	155.966	-0.343
1.547	-0.079	3.008	0.147	0.319	154.747	-0.343
1.549	-0.067	3.014	0.131	0.328	154.747	-0.342
1.550	-0.073	3.014	0.131	0.336	154.747	-0.343
1.552	-0.073	3.008	0.139	0.319	157.184	-0.343
1.554	-0.067	3.014	0.139	0.319	154.747	-0.343
1.555	-0.067	3.008	0.123	0.311	154.747	-0.344
1.557	-0.067	3.014	0.139	0.319	155.966	-0.342
1.558	-0.073	3.014	0.147	0.319	154.747	-0.344
1.560	-0.073	3.014	0.147	0.311	153.529	-0.343
1.562	-0.073	3.014	0.139	0.319	152.310	-0.344
1.563	-0.067	3.008	0.147	0.319	153.529	-0.343
1.565	-0.073	3.020	0.139	0.328	152.310	-0.344
1.566	-0.067	3.008	0.147	0.311	152.310	-0.343
1.568	-0.067	3.014	0.139	0.319	154.747	-0.341
1.570	-0.067	3.008	0.123	0.319	151.092	-0.343
1.571	-0.067	3.014	0.131	0.311	145.000	-0.347
1.573	-0.061	3.014	0.131	0.319	152.310	-0.341
1.574	-0.061	3.008	0.139	0.319	152.310	-0.341
1.576	-0.067	3.002	0.139	0.303	153.529	-0.342
1.578	-0.067	2.995	0.139	0.303	153.529	-0.342
1.579	-0.067	3.014	0.131	0.319	148.655	-0.341
1.581	-0.073	3.014	0.139	0.319	151.092	-0.342
1.582	-0.067	3.002	0.123	0.319	149.873	-0.342
1.584	-0.073	3.002	0.131	0.319	151.092	-0.341
1.586	-0.067	3.008	0.131	0.319	149.873	-0.343
1.587	-0.067	3.002	0.131	0.303	151.092	-0.343
1.589	-0.067	3.008	0.123	0.319	152.310	-0.339
1.590	-0.067	3.008	0.123	0.319	148.655	-0.341
1.592	-0.067	3.008	0.131	0.328	148.655	-0.342
1.594	-0.073	3.008	0.131	0.319	147.437	-0.342
1.595	-0.073	3.002	0.131	0.303	148.655	-0.343
1.597	-0.067	3.008	0.139	0.319	147.437	-0.339
1.598	-0.067	2.995	0.139	0.311	146.218	-0.341
1.600	-0.067	3.002	0.123	0.319	148.655	-0.339
1.602	-0.067	2.995	0.131	0.311	147.437	-0.341
1.603	-0.067	3.008	0.156	0.311	147.437	-0.341
1.605	-0.067	3.002	0.147	0.311	146.218	-0.339
1.606	-0.073	3.008	0.139	0.303	147.437	-0.339
1.608	-0.073	3.002	0.139	0.311	146.218	-0.341
1.610	-0.061	3.002	0.131	0.311	145.000	-0.342
1.611	-0.067	2.995	0.131	0.303	147.437	-0.339
1.613	-0.055	3.002	0.131	0.319	145.000	-0.341
1.614	-0.067	3.008	0.139	0.303	146.218	-0.338
1.616	-0.061	3.002	0.131	0.311	145.000	-0.341
1.618	-0.067	3.002	0.131	0.303	143.781	-0.341
1.619	-0.067	2.995	0.139	0.311	143.781	-0.339
1.621	-0.067	3.008	0.131	0.303	145.000	-0.339
1.622	-0.067	3.002	0.123	0.319	143.781	-0.339
1.624	-0.055	2.995	0.131	0.311	145.000	-0.341
1.626	-0.067	3.002	0.123	0.303	145.000	-0.342
1.627	-0.067	3.002	0.123	0.311	145.000	-0.341
1.629	-0.061	3.008	0.123	0.311	143.781	-0.339
1.630	-0.067	3.002	0.123	0.311	143.781	-0.342
1.632	-0.067	3.008	0.115	0.319	145.000	-0.341
1.634	-0.067	3.002	0.123	0.319	142.563	-0.339
1.635	-0.067	3.008	0.123	0.311	143.781	-0.339
1.637	-0.055	2.995	0.123	0.311	142.563	-0.339
1.638	16.992	3.014	0.139	0.311	132.815	-0.350
1.640	48.195	3.008	0.180	0.319	147.437	-0.342
1.642	49.662	2.995	0.221	0.319	141.344	-0.338
1.643	49.772	3.008	0.270	0.311	142.563	-0.339
1.645	49.784	3.008	0.311	0.311	138.907	-0.341
1.646	49.784	3.008	0.369	0.319	140.126	-0.339
1.648	49.784	3.014	0.401	0.303	140.126	-0.341
1.650	49.778	3.008	0.442	0.319	142.563	-0.339
1.651	49.772	3.002	0.475	0.311	141.344	-0.342
1.653	49.772	3.002	0.524	0.319	138.907	-0.342
1.654	49.766	3.008	0.549	0.319	138.907	-0.338
1.656	49.754	3.008	0.590	0.303	140.126	-0.341
1.658	49.754	3.002	0.614	0.319	140.126	-0.342
1.659	49.747	3.002	0.647	0.311	138.907	-0.339
1.661	49.747	3.002	0.672	0.311	137.689	-0.341
1.662	49.741	3.008	0.713	0.319	138.907	-0.341
1.664	49.735	3.002	0.745	0.319	140.126	-0.343
1.666	49.723	3.002	0.770	0.319	136.470	-0.342
1.667	49.729	3.002	0.795	0.319	138.907	-0.339
1.669	49.723	3.008	0.835	0.311	137.689	-0.338
1.670	49.717	3.008	0.852	0.319	137.689	-0.341
1.672	49.711	3.008	0.885	0.303	138.907	-0.339
1.674	49.705	3.002	0.926	0.311	136.470	-0.339
1.675	49.699	2.995	0.942	0.303	138.907	-0.341
1.677	49.705	3.014	0.958	0.328	143.781	-0.341
1.678	49.693	2.995	0.999	0.311	149.873	-0.339
1.680	6.837	3.008	0.999	0.311	157.184	-0.338
1.682	0.268	3.002	0.942	0.311	157.184	-0.341
1.683	-0.061	3.002	0.868	0.311	170.588	-0.337
1.685	-0.097	3.008	0.803	0.311	173.025	-0.339
1.686	-0.110	3.002	0.754	0.319	169.369	-0.343
1.688	-0.110	3.002	0.721	0.311	166.932	-0.341
1.690	-0.097	2.995	0.672	0.311	165.714	-0.339
1.691	-0.104	3.008	0.647	0.319	165.714	-0.339
1.693	-0.104	2.995	0.623	0.319	163.277	-0.341
1.694	-0.110	3.002	0.606	0.319	165.714	-0.341
1.696	-0.104	3.002	0.582	0.311	165.714	-0.339
1.698	-0.104	3.002	0.549	0.311	165.714	-0.339
1.699	-0.104	2.995	0.516	0.303	163.277	-0.341
1.701	-0.104	3.008	0.508	0.319	164.495	-0.341
1.702	-0.104	3.002	0.475	0.311	164.495	-0.339
1.704	-0.104	3.002	0.467	0.319	163.277	-0.339
1.706	-0.104	3.002	0.434	0.328	163.277	-0.341
1.707	-0.097	2.995	0.442	0.319	163.277	-0.341
1.709	-0.104	3.002	0.410	0.319	162.058	-0.341
1.710	-0.104	3.002	0.401	0.311	163.277	-0.338
1.712	-0.104	3.008	0.393	0.311	162.058	-0.341
1.714	-0.110	3.002	0.369	0.311	159.621	-0.341
1.715	-0.104	2.995	0.377	0.303	159.621	-0.339
1.717	-0.097	2.989	0.360	0.328	162.058	-0.341
1.718	-0.104	3.008	0.352	0.311	159.621	-0.341
1.720	-0.104	3.008	0.344	0.319	162.058	-0.338
1.722	-0.097	3.002	0.336	0.311	160.840	-0.343
1.723	-0.104	3.002	0.328	0.303	160.840	-0.341
1.725	-0.104	2.995	0.311	0.328	159.621	-0.339
1.726	-0.104	3.002	0.311	0.311	158.403	-0.341
1.728	-0.097	3.002	0.295	0.319	159.621	-0.339
1.730	-0.097	3.002	0.295	0.311	158.403	-0.342
1.731	-0.091	3.002	0.295	0.311	159.621	-0.341
1.733	-0.097	3.002	0.287	0.319	159.621	-0.342
1.734	-0.104	3.002	0.287	0.303	158.403	-0.342
1.736	-0.104	3.002	0.278	0.311	158.403	-0.341
1.738	-0.091	2.995	0.270	0.319	158.403	-0.339
1.739	-0.091	2.989	0.270	0.319	157.184	-0.343
1.741	-0.097	3.002	0.278	0.319	158.403	-0.341
1.742	-0.091	3.002	0.270	0.311	157.184	-0.342
1.744	-0.091	3.008	0.270	0.311	155.966	-0.339
1.746	-0.104	3.002	0.270	0.319	157.184	-0.341
1.747	-0.097	2.995	0.278	0.311	155.966	-0.343
1.749	-0.097	2.995	0.270	0.319	155.966	-0.342
1.750	-0.097	3.002	0.262	0.311	155.966	-0.341
1.752	-0.097	3.002	0.262	0.311	154.747	-0.342
1.754	-0.097	3.008	0.254	0.311	154.747	-0.342
1.755	-0.097	3.002	0.262	0.319	155.966	-0.342
1.757	-0.091	3.002	0.254	0.311	153.529	-0.342
1.758	-0.097	3.002	0.238	0.311	155.966	-0.342
1.760	-0.097	3.002	0.246	0.311	152.310	-0.342
1.762	-0.091	3.008	0.254	0.319	153.529	-0.343
1.763	-0.085	2.995	0.262	0.319	154.747	-0.341
1.765	-0.097	3.008	0.246	0.311	155.966	-0.341
1.766	-0.097	3.002	0.246	0.319	151.092	-0.342
1.768	-0.091	3.002	0.238	0.311	152.310	-0.341
1.770	-0.104	3.008	0.238	0.319	152.310	-0.343
1.771	-0.097	2.995	0.246	0.311	153.529	-0.342
1.773	-0.085	3.008	0.246	0.319	151.092	-0.342
1.774	-0.097	2.995	0.254	0.319	152.310	-0.343
1.776	-0.085	3.002	0.238	0.319	151.092	-0.342
1.778	-0.091	3.002	0.238	0.303	153.529	-0.343
1.779	-0.085	2.989	0.246	0.311	151.092	-0.342
1.781	-0.091	2.995	0.238	0.319	151.092	-0.343
1.782	-0.085	3.008	0.229	0.303	151.092	-0.343
1.784	-0.097	2.995	0.238	0.319	148.655	-0.344
1.786	-0.085	3.002	0.229	0.319	152.310	-0.343
1.787	-0.091	3.002	0.229	0.311	151.092	-0.343
1.789	-0.097	2.989	0.229	0.319	147.437	-0.344
1.790	-0.091	3.002	0.238	0.311	149.873	-0.343
1.792	-0.091	3.002	0.213	0.319	152.310	-0.344
1.794	-0.091	3.002	0.229	0.311	149.873	-0.343
1.795	-0.085	2.995	0.221	0.303	151.092	-0.343
1.797	-0.091	2.995	0.213	0.303	148.655	-0.343
1.798	-0.085	2.995	0.213	0.311	148.655	-0.344
1.800	-0.091	2.995	0.221	0.311	147.437	-0.343
1.802	-0.091	3.002	0.213	0.311	148.655	-0.343
1.803	-0.079	3.002	0.213	0.319	147.437	-0.342
1.805	-0.091	3.002	0.221	0.319	148.655	-0.343
1.806	-0.085	3.002	0.205	0.303	146.218	-0.343
1.808	-0.085	3.002	0.213	0.311	147.437	-0.345
1.810	-0.091	3.002	0.213	0.328	147.437	-0.344
1.811	-0.085	3.002	0.213	0.319	145.000	-0.343
1.813	-0.091	3.002	0.197	0.311	146.218	-0.343
1.814	-0.079	2.995	0.213	0.328	145.000	-0.344
1.816	-0.091	3.002	0.205	0.319	147.437	-0.343
1.818	-0.091	3.002	0.197	0.311	147.437	-0.343
1.819	-0.085	3.008	0.213	0.319	143.781	-0.344
1.821	-0.091	2.995	0.205	0.311	146.218	-0.344
1.822	-0.091	2.995	0.205	0.319	146.218	-0.344
1.824	-0.091	2.995	0.205	0.311	146.218	-0.344
1.826	-0.085	3.008	0.197	0.311	146.218	-0.345
1.827	-0.091	2.995	0.188	0.311	143.781	-0.344
1.829	-0.085	3.008	0.197	0.311	143.781	-0.344
1.830	-0.085	2.995	0.188	0.311	143.781	-0.343
1.832	-0.085	3.002	0.188	0.319	145.000	-0.343
1.834	-0.091	3.008	0.188	0.319	142.563	-0.343
1.835	-0.079	3.008	0.188	0.319	142.563	-0.343
1.837	-0.079	3.002	0.188	0.311	142.563	-0.343
1.838	-0.073	3.008	0.188	0.311	143.781	-0.343
1.840	-0.085	2.995	0.197	0.328	142.563	-0.342
1.842	-0.085	3.002	0.172	0.336	141.344	-0.343
1.843	-0.085	3.002	0.180	0.311	143.781	-0.343
1.845	-0.085	3.002	0.180	0.311	142.563	-0.342
1.846	-0.085	3.002	0.180	0.311	141.344	-0.344
1.848	-0.085	2.995	0.172	0.311	142.563	-0.343
1.850	-0.091	3.008	0.180	0.311	141.344	-0.343
1.851	-0.085	3.002	0.180	0.328	141.344	-0.344
1.853	-0.085	3.002	0.180	0.303	141.344	-0.342
1.854	-0.085	2.995	0.172	0.311	141.344	-0.345
1.856	-0.079	3.002	0.180	0.319	141.344	-0.342
1.858	-0.073	2.995	0.172	0.328	141.344	-0.343
1.859	-0.085	2.995	0.172	0.311	141.344	-0.342
1.861	-0.085	2.995	0.172	0.319	141.344	-0.344
1.862	-0.079	3.002	0.172	0.319	140.126	-0.342
1.864	-0.073	3.002	0.164	0.319	140.126	-0.342
1.866	-0.085	2.995	0.172	0.319	137.689	-0.344
1.867	-0.073	3.002	0.164	0.319	140.126	-0.343
1.869	-0.079	3.002	0.172	0.328	143.781	-0.343
1.870	-0.085	3.002	0.164	0.311	151.092	-0.344
1.872	-0.079	3.008	0.164	0.319	162.058	-0.341
1.874	-0.073	3.008	0.164	0.303	168.151	-0.343
1.875	-0.085	2.989	0.164	0.319	170.588	-0.345
1.877	-0.085	3.002	0.156	0.311	169.369	-0.343
1.878	-0.073	2.995	0.164	0.328	165.714	-0.345
1.880	-0.079	3.002	0.164	0.328	164.495	-0.344
1.882	-0.085	2.989	0.164	0.311	164.495	-0.343
1.883	-0.073	2.995	0.164	0.319	163.277	-0.343
1.885	-0.079	3.002	0.156	0.311	164.495	-0.344
1.886	-0.079	2.995	0.164	0.303	164.495	-0.343
1.888	-0.073	3.002	0.164	0.311	164.495	-0.343
1.890	-0.085	3.002	0.164	0.311	162.058	-0.344
1.891	-0.079	2.995	0.156	0.319	164.495	-0.343
1.893	-0.085	3.002	0.147	0.319	164.495	-0.343
1.894	-0.073	3.002	0.156	0.303	163.277	-0.345
1.896	-0.085	3.008	0.164	0.319	163.277	-0.343
1.898	-0.073	2.995	0.147	0.319	162.058	-0.344
1.899	-0.079	3.002	0.147	0.311	160.840	-0.345
1.901	-0.091	3.002	0.156	0.319	160.840	-0.343
1.902	-0.073	3.002	0.156	0.319	162.058	-0.344
1.904	-0.079	2.995	0.156	0.328	159.621	-0.343
1.906	-0.073	2.989	0.164	0.319	160.840	-0.345
1.907	-0.079	3.014	0.164	0.319	159.621	-0.344
1.909	-0.079	3.008	0.147	0.319	160.840	-0.343
1.910	-0.085	3.008	0.139	0.311	159.621	-0.343
1.912	-0.073	2.995	0.156	0.319	160.840	-0.344
1.914	-0.079	3.002	0.156	0.311	159.621	-0.343
1.915	-0.073	3.008	0.147	0.303	158.403	-0.344
1.917	-0.079	3.002	0.147	0.311	158.403	-0.343
1.918	-0.085	2.995	0.147	0.311	158.403	-0.343
1.920	-0.073	3.002	0.147	0.311	159.621	-0.342
1.922	-0.079	3.002	0.156	0.311	158.403	-0.344
1.923	-0.073	3.002	0.147	0.311	157.184	-0.344
1.925	-0.079	3.002	0.139	0.319	157.184	-0.343
1.926	-0.079	2.995	0.139	0.311	158.403	-0.344
1.928	-0.073	2.989	0.147	0.311	157.184	-0.344
1.930	-0.073	3.002	0.131	0.311	158.403	-0.343
1.931	-0.073	3.002	0.147	0.303	155.966	-0.343
1.933	-0.073	3.008	0.147	0.311	154.747	-0.343
1.934	-0.067	3.008	0.139	0.311	157.184	-0.343
1.936	-0.079	2.995	0.147	0.303	155.966	-0.343
1.938	-0.067	3.002	0.147	0.303	157.184	-0.341
1.939	-0.067	3.002	0.131	0.328	155.966	-0.343
1.941	-0.073	3.002	0.147	0.311	157.184	-0.343
1.942	-0.079	3.002	0.131	0.319	155.966	-0.343
1.944	-0.079	3.008	0.131	0.311	154.747	-0.342
1.946	-0.073	3.002	0.139	0.303	155.966	-0.343
1.947	-0.079	2.995	0.139	0.311	155.966	-0.342
1.949	-0.079	2.989	0.139	0.303	153.529	-0.342
1.950	-0.073	3.002	0.131	0.319	152.310	-0.343
1.952	-0.067	2.995	0.139	0.319	154.747	-0.343
1.954	-0.073	2.989	0.147	0.319	153.529	-0.343
1.955	-0.061	2.995	0.139	0.311	151.092	-0.343
1.957	-0.079	3.002	0.139	0.319	153.529	-0.342
1.958	-0.079	2.989	0.131	0.319	152.310	-0.343
1.960	-0.073	3.002	0.147	0.303	153.529	-0.344
1.962	-0.067	2.995	0.131	0.319	152.310	-0.341
1.963	-0.067	2.995	0.139	0.311	149.873	-0.343
1.965	-0.073	2.989	0.139	0.328	151.092	-0.343
1.966	-0.079	3.002	0.139	0.319	148.655	-0.344
1.968	-0.073	3.002	0.147	0.319	152.310	-0.342
1.970	-0.079	2.995	0.147	0.319	152.310	-0.341
1.971	-0.073	3.002	0.139	0.319	152.310	-0.342
1.973	-0.073	2.995	0.131	0.311	151.092	-0.344
1.974	-0.067	2.995	0.139	0.319	151.092	-0.342
1.976	-0.073	2.995	0.131	0.311	149.873	-0.343
1.978	-0.073	2.995	0.139	0.319	149.873	-0.342
1.979	-0.067	2.995	0.131	0.311	148.655	-0.343
1.981	-0.067	2.995	0.131	0.303	149.873	-0.341
1.982	-0.073	2.995	0.131	0.319	149.873	-0.343
1.984	-0.067	2.989	0.131	0.311	149.873	-0.342
1.986	-0.067	3.002	0.123	0.311	148.655	-0.339
1.987	-0.073	2.989	0.131	0.319	149.873	-0.339
1.989	-0.073	2.995	0.139	0.311	148.655	-0.343
1.990	-0.067	2.995	0.131	0.311	147.437	-0.343
1.992	-0.067	2.989	0.131	0.319	149.873	-0.339
1.994	-0.067	3.002	0.123	0.303	147.437	-0.341
1.995	-0.067	2.995	0.139	0.311	148.655	-0.341
1.997	-0.067	2.989	0.131	0.311	148.655	-0.341
1.998	-0.067	2.995	0.131	0.303	147.437	-0.341
2.000	-0.079	2.995	0.131	0.319	146.218	-0.342
2.002	-0.061	3.002	0.131	0.311	146.218	-0.342
2.003	-0.061	3.002	0.123	0.311	146.218	-0.342
2.005	-0.067	2.995	0.123	0.319	146.218	-0.342
2.006	-0.073	2.989	0.131	0.319	145.000	-0.341
2.008	-0.073	3.002	0.131	0.319	146.218	-0.341
2.010	-0.067	2.989	0.131	0.319	146.218	-0.341
2.011	-0.067	2.989	0.139	0.319	143.781	-0.341
2.013	-0.061	2.995	0.123	0.311	146.218	-0.339
2.014	-0.073	2.989	0.131	0.311	145.000	-0.339
2.016	-0.061	3.002	0.123	0.328	146.218	-0.341
2.018	-0.061	2.989	0.139	0.319	143.781	-0.342
2.019	-0.067	2.989	0.123	0.311	145.000	-0.339
2.021	-0.067	2.995	0.131	0.319	143.781	-0.339
2.022	-0.067	2.989	0.131	0.311	143.781	-0.339
2.024	-0.061	2.989	0.131	0.311	141.344	-0.339
2.026	-0.067	2.995	0.131	0.311	143.781	-0.339
2.027	-0.073	2.995	0.123	0.311	143.781	-0.341
2.029	-0.067	2.995	0.131	0.319	143.781	-0.341
2.030	-0.067	2.995	0.131	0.319	142.563	-0.339
2.032	-0.061	2.995	0.115	0.311	141.344	-0.341
2.034	-0.067	2.989	0.131	0.311	141.344	-0.341
2.035	-0.067	2.983	0.123	0.319	141.344	-0.338
2.037	-0.067	2.995	0.123	0.311	138.907	-0.339
2.038	-0.061	3.002	0.123	0.303	141.344	-0.341
2.040	-0.073	2.995	0.131	0.311	140.126	-0.341
2.042	-0.067	2.995	0.123	0.319	140.126	-0.338
2.043	-0.061	2.995	0.131	0.303	138.907	-0.341
2.045	-0.067	2.995	0.139	0.311	140.126	-0.339
2.046	-0.067	2.989	0.123	0.319	138.907	-0.341
2.048	19.294	2.995	0.131	0.319	127.941	-0.348
2.050	48.298	2.995	0.172	0.311	142.563	-0.343
2.051	49.656	2.983	0.221	0.311	137.689	-0.341
2.053	49.772	2.983	0.278	0.311	140.126	-0.338
2.054	49.790	3.002	0.319	0.303	138.907	-0.341
2.056	49.784	2.995	0.369	0.311	138.907	-0.341
2.058	49.784	2.989	0.410	0.303	140.126	-0.339
2.059	49.772	2.989	0.451	0.311	137.689	-0.338
2.061	49.772	2.995	0.483	0.311	138.907	-0.341
2.062	49.772	2.989	0.508	0.319	138.907	-0.341
2.064	49.760	2.989	0.549	0.303	136.470	-0.339
2.066	49.760	2.995	0.582	0.303	138.907	-0.339
2.067	49.754	2.995	0.614	0.311	136.470	-0.339
2.069	49.747	2.995	0.647	0.319	137.689	-0.339
2.070	49.747	3.002	0.688	0.311	141.344	-0.339
2.072	49.735	2.995	0.704	0.319	146.218	-0.341
2.074	49.741	2.995	0.754	0.319	151.092	-0.339
2.075	49.735	3.002	0.770	0.319	159.621	-0.341
2.077	49.723	2.995	0.795	0.328	166.932	-0.339
2.078	49.717	2.995	0.827	0.303	171.806	-0.339
2.080	49.717	2.989	0.852	0.319	168.151	-0.339
2.082	49.705	2.995	0.876	0.311	168.151	-0.337
2.083	49.705	2.989	0.901	0.303	166.932	-0.339
2.085	49.711	2.989	0.934	0.319	164.495	-0.339
2.086	49.705	2.989	0.975	0.311	163.277	-0.339
2.088	49.687	2.989	0.999	0.319	164.495	-0.339
2.090	6.350	2.995	0.999	0.311	160.840	-0.338
2.091	0.256	2.989	0.942	0.319	159.621	-0.339
2.093	-0.067	2.989	0.868	0.319	164.495	-0.338
2.094	-0.091	2.995	0.811	0.319	165.714	-0.339
2.096	-0.104	2.995	0.770	0.319	165.714	-0.339
2.098	-0.110	3.002	0.721	0.303	162.058	-0.341
2.099	-0.104	2.995	0.680	0.319	163.277	-0.341
2.101	-0.104	2.989	0.655	0.311	162.058	-0.339
2.102	-0.104	2.995	0.623	0.311	162.058	-0.339
2.104	-0.110	2.995	0.598	0.303	163.277	-0.339
2.106	-0.116	2.995	0.573	0.319	160.840	-0.339
2.107	-0.104	2.995	0.549	0.311	163.277	-0.338
2.109	-0.104	2.989	0.524	0.319	162.058	-0.339
2.110	-0.104	2.995	0.508	0.311	159.621	-0.341
2.112	-0.104	2.995	0.500	0.311	160.840	-0.339
2.114	-0.110	2.995	0.467	0.311	159.621	-0.339
2.115	-0.104	2.989	0.451	0.319	158.403	-0.341
2.117	-0.104	3.002	0.426	0.311	160.840	-0.339
2.118	-0.104	2.995	0.418	0.319	159.621	-0.339
2.120	-0.110	2.995	0.401	0.303	162.058	-0.338
2.122	-0.110	2.989	0.385	0.303	159.621	-0.338
2.123	-0.104	2.989	0.369	0.319	159.621	-0.339
2.125	-0.104	3.002	0.352	0.311	159.621	-0.342
2.126	-0.104	2.983	0.352	0.311	157.184	-0.339
2.128	-0.097	2.995	0.352	0.303	158.403	-0.339
2.130	-0.104	2.995	0.344	0.319	157.184	-0.341
2.131	-0.110	3.002	0.328	0.311	157.184	-0.339
2.133	-0.091	2.995	0.319	0.319	157.184	-0.338
2.134	-0.110	2.995	0.319	0.303	157.184	-0.341
2.136	-0.097	3.002	0.295	0.319	157.184	-0.341
2.138	-0.097	3.002	0.303	0.319	157.184	-0.341
2.139	-0.110	3.002	0.311	0.319	155.966	-0.341
2.141	-0.091	2.995	0.287	0.319	157.184	-0.338
2.142	-0.097	3.002	0.295	0.319	155.966	-0.341
2.144	-0.104	3.002	0.278	0.311	155.966	-0.339
2.146	-0.097	2.995	0.287	0.311	155.966	-0.341
2.147	-0.097	3.002	0.262	0.319	155.966	-0.339
2.149	-0.097	3.008	0.278	0.319	154.747	-0.339
2.150	-0.097	3.002	0.270	0.311	154.747	-0.339
2.152	-0.104	3.002	0.254	0.319	153.529	-0.339
2.154	-0.104	3.002	0.262	0.319	154.747	-0.339
2.155	-0.104	3.002	0.270	0.319	155.966	-0.342
2.157	-0.097	3.002	0.262	0.319	154.747	-0.339
2.158	-0.091	2.995	0.262	0.319	155.966	-0.342
2.160	-0.091	3.002	0.262	0.311	154.747	-0.341
2.162	-0.097	3.008	0.262	0.319	154.747	-0.341
2.163	-0.104	3.002	0.246	0.319	151.092	-0.342
2.165	-0.091	3.008	0.262	0.328	152.310	-0.341
2.166	-0.085	3.002	0.254	0.319	152.310	-0.342
2.168	-0.085	3.008	0.246	0.319	154.747	-0.341
2.170	-0.097	2.995	0.246	0.311	151.092	-0.342
2.171	-0.091	3.002	0.254	0.319	152.310	-0.339
2.173	-0.104	3.002	0.254	0.303	151.092	-0.342
2.174	-0.097	3.002	0.246	0.311	151.092	-0.342
2.176	-0.091	2.995	0.246	0.319	151.092	-0.342
2.178	-0.097	3.002	0.238	0.311	152.310	-0.342
2.179	-0.085	3.002	0.246	0.319	149.873	-0.341
2.181	-0.097	3.002	0.246	0.319	152.310	-0.341
2.182	-0.091	2.995	0.238	0.311	151.092	-0.342
2.184	-0.097	3.002	0.238	0.319	148.655	-0.342
2.186	-0.091	3.002	0.246	0.319	149.873	-0.343
2.187	-0.085	3.002	0.238	0.311	149.873	-0.341
2.189	-0.085	3.002	0.229	0.311	148.655	-0.342
2.190	-0.097	3.002	0.246	0.303	149.873	-0.343
2.192	-0.091	3.002	0.229	0.303	148.655	-0.343
2.194	-0.104	2.995	0.238	0.311	148.655	-0.343
2.195	-0.091	3.002	0.229	0.311	148.655	-0.344
2.197	-0.091	2.989	0.229	0.319	149.873	-0.343
2.198	-0.097	3.002	0.238	0.311	147.437	-0.345
2.200	-0.091	3.002	0.238	0.319	148.655	-0.343
2.202	-0.085	2.989	0.238	0.311	146.218	-0.343
2.203	-0.097	3.002	0.229	0.319	147.437	-0.344
2.205	-0.091	3.002	0.229	0.311	147.437	-0.343
2.206	-0.091	3.002	0.229	0.311	147.437	-0.342
2.208	-0.085	3.008	0.213	0.319	147.437	-0.343
2.210	-0.085	3.002	0.221	0.319	146.218	-0.342
2.211	-0.097	3.002	0.221	0.319	147.437	-0.343
2.213	-0.091	3.008	0.221	0.319	147.437	-0.343
2.214	-0.091	3.008	0.213	0.319	146.218	-0.343
2.216	-0.091	3.002	0.221	0.319	146.218	-0.343
2.218	-0.091	2.989	0.213	0.311	145.000	-0.343
2.219	-0.085	3.008	0.205	0.311	146.218	-0.342
2.221	-0.091	3.008	0.213	0.319	145.000	-0.344
2.222	-0.085	3.008	0.205	0.303	143.781	-0.345
2.224	-0.085	3.002	0.205	0.311	145.000	-0.343
2.226	-0.085	3.008	0.197	0.319	143.781	-0.342
2.227	-0.085	3.014	0.205	0.311	145.000	-0.343
2.229	-0.085	3.008	0.205	0.311	145.000	-0.343
2.230	-0.085	3.008	0.197	0.303	143.781	-0.343
2.232	-0.085	3.008	0.197	0.303	142.563	-0.343
2.234	-0.085	3.014	0.205	0.319	141.344	-0.343
2.235	-0.091	3.002	0.205	0.319	143.781	-0.345
2.237	-0.079	3.002	0.188	0.311	142.563	-0.343
2.238	-0.091	2.995	0.188	0.311	143.781	-0.345
2.240	-0.091	2.995	0.197	0.319	141.344	-0.345
2.242	-0.091	3.008	0.188	0.311	141.344	-0.345
2.243	-0.085	2.995	0.188	0.319	142.563	-0.344
2.245	-0.079	3.002	0.188	0.311	142.563	-0.343
2.246	-0.091	3.002	0.188	0.319	141.344	-0.343
2.248	-0.085	3.008	0.188	0.319	142.563	-0.343
2.250	-0.085	3.002	0.180	0.311	141.344	-0.343
2.251	-0.079	3.008	0.197	0.311	141.344	-0.344
2.253	-0.091	3.002	0.180	0.319	141.344	-0.344
2.254	-0.085	3.008	0.180	0.311	138.907	-0.343
2.256	-0.085	3.002	0.180	0.311	140.126	-0.343
2.258	-0.085	2.995	0.188	0.303	141.344	-0.343
2.259	-0.085	2.995	0.180	0.303	138.907	-0.344
2.261	-0.079	3.002	0.172	0.319	137.689	-0.343
2.262	-0.079	3.002	0.172	0.311	140.126	-0.344
2.264	-0.085	3.002	0.172	0.319	149.873	-0.344
2.266	-0.079	3.002	0.180	0.319	157.184	-0.343
2.267	-0.085	2.995	0.172	0.319	165.714	-0.344
2.269	-0.085	2.995	0.180	0.311	169.369	-0.344
2.270	-0.073	3.008	0.164	0.311	170.588	-0.344
2.272	-0.085	3.002	0.164	0.319	166.932	-0.342
2.274	-0.085	3.002	0.172	0.311	166.932	-0.344
2.275	-0.085	3.002	0.172	0.311	165.714	-0.344
2.277	-0.091	3.014	0.172	0.319	163.277	-0.344
2.278	-0.079	3.008	0.164	0.311	162.058	-0.344
2.280	-0.079	2.995	0.156	0.303	164.495	-0.343
2.282	-0.067	3.002	0.164	0.311	164.495	-0.345
2.283	-0.079	2.995	0.172	0.303	164.495	-0.344
2.285	-0.079	2.995	0.164	0.311	164.495	-0.343
2.286	-0.079	3.008	0.164	0.303	163.277	-0.344
2.288	-0.073	3.002	0.164	0.311	162.058	-0.343
2.290	-0.079	3.002	0.172	0.319	163.277	-0.343
2.291	-0.073	2.995	0.164	0.319	164.495	-0.345
2.293	-0.085	3.008	0.156	0.319	162.058	-0.343
2.294	-0.085	3.008	0.164	0.303	162.058	-0.344
2.296	-0.085	3.002	0.156	0.311	162.058	-0.343
2.298	-0.073	3.008	0.164	0.311	160.840	-0.344
2.299	-0.085	3.008	0.156	0.311	163.277	-0.344
2.301	-0.073	2.995	0.156	0.311	162.058	-0.343
2.302	-0.085	3.002	0.156	0.311	160.840	-0.343
2.304	-0.073	3.002	0.164	0.311	162.058	-0.344
2.306	-0.079	2.995	0.156	0.311	159.621	-0.344
2.307	-0.079	3.008	0.164	0.319	160.840	-0.344
2.309	-0.079	3.002	0.164	0.311	159.621	-0.344
2.310	-0.073	3.008	0.147	0.319	158.403	-0.345
2.312	-0.073	2.995	0.156	0.311	159.621	-0.345
2.314	-0.073	2.989	0.147	0.319	158.403	-0.344
2.315	-0.073	3.008	0.156	0.303	159.621	-0.345
2.317	-0.085	3.002	0.156	0.311	157.184	-0.344
2.318	-0.079	3.008	0.139	0.319	158.403	-0.345
2.320	-0.073	3.008	0.156	0.311	158.403	-0.345
2.322	-0.079	3.008	0.147	0.311	158.403	-0.343
2.323	-0.073	3.002	0.156	0.319	157.184	-0.344
2.325	-0.073	3.014	0.156	0.319	158.403	-0.344
2.326	-0.079	3.002	0.147	0.319	155.966	-0.343
2.328	-0.079	3.008	0.156	0.319	157.184	-0.343
2.330	-0.073	3.014	0.147	0.311	154.747	-0.343
2.331	-0.079	2.995	0.147	0.311	155.966	-0.344
2.333	-0.067	3.008	0.147	0.311	155.966	-0.343
2.334	-0.085	3.002	0.139	0.303	155.966	-0.345
2.336	-0.073	3.008	0.156	0.311	155.966	-0.344
2.338	-0.085	3.014	0.147	0.311	155.966	-0.343
2.339	-0.073	3.014	0.156	0.311	157.184	-0.344
2.341	-0.079	3.008	0.147	0.311	153.529	-0.344
2.342	-0.085	3.014	0.131	0.319	154.747	-0.343
2.344	-0.085	3.014	0.147	0.319	154.747	-0.345
2.346	-0.079	3.014	0.147	0.311	153.529	-0.343
2.347	-0.079	3.020	0.139	0.311	154.747	-0.344
2.349	-0.067	3.008	0.147	0.311	152.310	-0.344
2.350	-0.073	3.014	0.139	0.311	154.747	-0.344
2.352	-0.079	3.008	0.139	0.303	153.529	-0.344
2.354	-0.067	3.008	0.147	0.311	152.310	-0.344
2.355	-0.079	3.020	0.147	0.319	151.092	-0.343
2.357	-0.079	3.008	0.139	0.319	152.310	-0.342
2.358	-0.085	3.020	0.139	0.303	152.310	-0.343
2.360	-0.073	3.014	0.131	0.319	146.218	-0.344
2.362	-0.073	3.014	0.139	0.319	149.873	-0.342
2.363	-0.067	3.020	0.131	0.319	152.310	-0.344
2.365	-0.073	3.008	0.131	0.303	152.310	-0.343
2.366	-0.067	3.014	0.139	0.311	149.873	-0.344
2.368	-0.079	3.014	0.147	0.311	151.092	-0.342
2.370	-0.073	3.014	0.131	0.319	149.873	-0.343
2.371	-0.073	3.014	0.131	0.311	151.092	-0.342
2.373	-0.079	3.020	0.139	0.328	149.873	-0.341
2.374	-0.067	3.014	0.139	0.319	149.873	-0.343
2.376	-0.073	3.008	0.139	0.311	151.092	-0.343
2.378	-0.067	3.014	0.139	0.311	148.655	-0.343
2.379	-0.067	3.008	0.131	0.319	149.873	-0.342
2.381	-0.067	3.020	0.131	0.319	148.655	-0.342
2.382	-0.073	3.014	0.131	0.303	148.655	-0.343
2.384	-0.073	3.008	0.131	0.319	147.437	-0.341
2.386	-0.073	3.008	0.115	0.319	147.437	-0.343
2.387	-0.073	3.014	0.139	0.319	147.437	-0.343
2.389	-0.067	3.008	0.131	0.311	148.655	-0.342
2.390	-0.067	3.014	0.139	0.311	148.655	-0.342
2.392	-0.073	3.014	0.131	0.303	147.437	-0.341
2.394	-0.055	3.014	0.139	0.319	147.437	-0.339
2.395	-0.067	3.008	0.139	0.311	146.218	-0.341
2.397	-0.073	3.008	0.123	0.319	146.218	-0.341
2.398	-0.067	3.014	0.123	0.319	147.437	-0.341
2.400	-0.073	3.014	0.123	0.319	146.218	-0.342
2.402	-0.079	3.014	0.131	0.319	145.000	-0.342
2.403	-0.067	3.014	0.131	0.311	146.218	-0.341
2.405	-0.073	3.014	0.131	0.319	146.218	-0.342
2.406	-0.073	3.014	0.131	0.319	143.781	-0.342
2.408	-0.067	3.002	0.123	0.319	143.781	-0.343
2.410	-0.061	3.014	0.131	0.319	143.781	-0.341
2.411	-0.073	3.008	0.123	0.303	145.000	-0.339
2.413	-0.061	3.002	0.123	0.319	145.000	-0.342
2.414	-0.067	3.014	0.131	0.311	145.000	-0.341
2.416	-0.061	3.008	0.131	0.311	143.781	-0.341
2.418	-0.067	3.014	0.131	0.311	141.344	-0.342
2.419	-0.073	3.008	0.139	0.319	142.563	-0.339
2.421	-0.067	3.002	0.131	0.319	142.563	-0.341
2.422	-0.073	3.008	0.131	0.303	141.344	-0.341
2.424	-0.073	3.014	0.123	0.311	142.563	-0.342
2.426	-0.067	3.008	0.131	0.311	141.344	-0.341
2.427	-0.067	3.008	0.139	0.311	141.344	-0.341
2.429	-0.067	3.014	0.131	0.311	141.344	-0.341
2.430	-0.067	3.008	0.131	0.319	141.344	-0.342
2.432	-0.067	3.002	0.123	0.303	143.781	-0.341
2.434	-0.067	3.002	0.139	0.311	141.344	-0.339
2.435	-0.067	3.008	0.123	0.319	141.344	-0.341
2.437	-0.067	3.008	0.131	0.311	140.126	-0.341
2.438	-0.067	3.008	0.131	0.311	141.344	-0.339
2.440	-0.073	3.014	0.123	0.303	140.126	-0.341
2.442	-0.061	3.014	0.131	0.311	140.126	-0.341
2.443	-0.067	3.008	0.139	0.311	141.344	-0.341
2.445	-0.067	3.008	0.131	0.311	141.344	-0.341
2.446	-0.055	3.008	0.115	0.311	138.907	-0.339
2.448	-0.055	3.008	0.131	0.303	138.907	-0.341
2.450	-0.067	3.014	0.131	0.311	138.907	-0.339
2.451	-0.061	3.014	0.123	0.311	138.907	-0.342
2.453	-0.061	3.008	0.123	0.328	140.126	-0.341
2.454	-0.067	3.008	0.115	0.303	140.126	-0.342
2.456	-0.067	3.002	0.123	0.319	138.907	-0.341
2.458	21.467	3.008	0.131	0.303	126.722	-0.347
2.459	48.396	3.008	0.172	0.303	138.907	-0.344
2.461	49.674	3.008	0.221	0.311	138.907	-0.339
2.462	49.766	3.008	0.287	0.311	136.470	-0.341
2.464	49.784	3.002	0.319	0.328	138.907	-0.339
2.466	49.790	3.008	0.360	0.311	141.344	-0.338
2.467	49.784	3.002	0.410	0.311	152.310	-0.341
2.469	49.772	3.014	0.442	0.319	158.403	-0.341
2.470	49.778	3.014	0.483	0.311	164.495	-0.341
2.472	49.766	3.002	0.500	0.319	170.588	-0.339
2.474	49.766	3.008	0.549	0.311	170.588	-0.339
2.475	49.760	3.014	0.582	0.319	168.151	-0.341
2.477	49.754	3.008	0.614	0.319	165.714	-0.338
2.478	49.754	3.014	0.655	0.319	166.932	-0.339
2.480	49.741	3.008	0.688	0.303	164.495	-0.338
2.482	49.735	3.014	0.704	0.319	165.714	-0.339
2.483	49.741	3.008	0.754	0.311	164.495	-0.341
2.485	49.729	3.008	0.770	0.311	164.495	-0.338
2.486	49.723	3.008	0.803	0.311	164.495	-0.339
2.488	49.717	3.008	0.827	0.311	164.495	-0.341
2.490	49.711	3.014	0.852	0.311	163.277	-0.339
2.491	49.705	3.008	0.885	0.319	162.058	-0.338
2.493	49.705	3.002	0.901	0.303	164.495	-0.339
2.494	49.699	3.002	0.942	0.303	162.058	-0.339
2.496	49.705	3.002	0.975	0.303	162.058	-0.339
2.498	49.687	3.008	0.983	0.311	162.058	-0.339
2.499	5.893	3.008	0.999	0.311	159.621	-0.338
2.501	0.219	2.995	0.926	0.319	155.966	-0.338
2.502	-0.067	3.002	0.876	0.311	162.058	-0.339
2.504	-0.104	3.002	0.811	0.319	163.277	-0.338
2.506	-0.097	3.008	0.754	0.303	162.058	-0.341
2.507	-0.110	3.002	0.713	0.303	162.058	-0.338
2.509	-0.104	2.995	0.663	0.303	162.058	-0.338
2.510	-0.104	3.002	0.639	0.311	158.403	-0.338
2.512	-0.110	3.002	0.606	0.319	159.621	-0.339
