Time (ms)	Ch1 V	Ch2 V	Ch1 A	Ch2 A	RPM	Torque
0.000	36.390	20.420	1.220	1.966	916.300	-0.786
0.001	48.664	20.414	1.302	1.966	904.115	-0.791
0.003	49.388	20.438	1.392	1.966	908.989	-0.792
0.004	49.467	20.420	1.499	1.966	910.207	-0.793
0.006	49.492	20.426	1.581	1.966	915.081	-0.793
0.007	49.492	20.420	1.663	1.958	922.392	-0.795
0.009	49.492	20.432	1.736	1.974	928.485	-0.795
0.010	49.486	20.420	1.802	1.958	928.485	-0.796
0.012	49.480	20.432	1.868	1.966	924.829	-0.796
0.013	49.480	20.420	1.917	1.966	926.048	-0.796
0.015	49.480	20.432	1.982	1.974	924.829	-0.796
0.016	49.480	20.420	2.031	1.958	923.611	-0.793
0.018	49.473	20.426	2.080	1.974	924.829	-0.792
0.019	49.480	20.420	2.130	1.966	921.174	-0.793
0.021	49.473	20.414	2.162	1.974	918.737	-0.797
0.022	49.480	20.414	2.212	1.974	916.300	-0.796
0.024	49.467	20.402	2.261	1.974	915.081	-0.795
0.025	49.467	20.402	2.310	1.966	915.081	-0.795
0.027	49.473	20.414	2.343	1.966	913.863	-0.793
0.028	49.473	20.402	2.384	1.974	911.426	-0.793
0.030	49.461	20.402	2.425	1.974	910.207	-0.795
0.031	49.467	20.402	2.457	1.974	910.207	-0.795
0.033	49.467	20.414	2.498	1.966	907.770	-0.793
0.034	49.461	20.408	2.539	1.974	910.207	-0.796
0.036	49.455	20.420	2.572	1.966	907.770	-0.795
0.037	49.461	20.408	2.597	1.958	915.081	-0.795
0.039	49.455	20.414	2.637	1.974	917.518	-0.793
0.040	49.449	20.408	2.670	1.974	924.829	-0.792
0.042	49.449	20.414	2.695	1.966	927.266	-0.792
0.043	49.449	20.402	2.711	1.974	928.485	-0.793
0.045	49.443	20.420	2.736	1.974	928.485	-0.792
0.046	49.437	20.408	2.744	1.958	924.829	-0.793
0.048	49.437	20.378	2.785	1.966	924.829	-0.792
0.049	22.770	20.402	2.793	1.958	930.922	-0.795
0.051	1.114	20.365	2.719	1.966	926.048	-0.790
0.052	-0.085	20.384	2.597	1.966	921.174	-0.795
0.054	-0.170	20.365	2.506	1.958	917.518	-0.795
0.055	-0.195	20.359	2.400	1.958	917.518	-0.796
0.057	-0.189	20.359	2.310	1.958	916.300	-0.792
0.058	-0.201	20.359	2.228	1.958	915.081	-0.793
0.060	-0.183	20.347	2.154	1.949	913.863	-0.795
0.061	-0.189	20.347	2.105	1.958	911.426	-0.793
0.063	-0.189	20.347	2.048	1.966	912.644	-0.795
0.064	-0.195	20.353	1.982	1.958	908.989	-0.792
0.066	-0.195	20.341	1.917	1.958	905.333	-0.793
0.067	-0.189	20.335	1.868	1.958	907.770	-0.793
0.069	-0.183	20.335	1.818	1.958	911.426	-0.792
0.070	-0.183	20.347	1.769	1.958	918.737	-0.792
0.072	-0.183	20.335	1.728	1.958	924.829	-0.795
0.073	-0.177	20.335	1.687	1.958	928.485	-0.793
0.075	-0.183	20.317	1.646	1.958	929.703	-0.793
0.076	-0.183	20.329	1.622	1.958	928.485	-0.793
0.078	-0.177	20.317	1.556	1.949	924.829	-0.792
0.079	-0.177	20.341	1.540	1.949	924.829	-0.793
0.081	-0.189	20.317	1.507	1.966	921.174	-0.795
0.082	-0.177	20.323	1.466	1.958	919.955	-0.795
0.084	-0.177	20.304	1.450	1.958	919.955	-0.795
0.085	-0.177	20.323	1.417	1.958	919.955	-0.795
0.087	-0.170	20.298	1.401	1.958	917.518	-0.793
0.088	-0.177	20.317	1.360	1.941	915.081	-0.795
0.090	-0.177	20.304	1.319	1.958	915.081	-0.795
0.091	-0.170	20.323	1.302	1.966	912.644	-0.793
0.093	-0.183	20.311	1.294	1.966	911.426	-0.793
0.094	-0.183	20.317	1.270	1.949	910.207	-0.793
0.096	-0.177	20.323	1.237	1.958	907.770	-0.795
0.097	-0.170	20.323	1.220	1.958	906.552	-0.792
0.099	-0.164	20.317	1.196	1.958	910.207	-0.792
0.100	38.825	20.323	1.212	1.958	918.737	-0.789
0.102	48.804	20.311	1.294	1.949	917.518	-0.791
0.103	49.400	20.329	1.401	1.949	923.611	-0.793
0.105	49.467	20.311	1.507	1.949	926.048	-0.795
0.106	49.480	20.329	1.573	1.949	929.703	-0.793
0.108	49.492	20.323	1.663	1.949	928.485	-0.793
0.109	49.492	20.329	1.745	1.958	927.266	-0.792
0.111	49.480	20.311	1.827	1.949	927.266	-0.793
0.112	49.486	20.335	1.868	1.966	924.829	-0.793
0.114	49.486	20.317	1.933	1.958	922.392	-0.791
0.115	49.480	20.323	1.990	1.966	921.174	-0.793
0.117	49.480	20.304	2.048	1.958	919.955	-0.793
0.118	49.480	20.329	2.089	1.958	918.737	-0.793
0.120	49.467	20.304	2.138	1.949	916.300	-0.792
0.121	49.473	20.317	2.195	1.966	916.300	-0.792
0.123	49.467	20.298	2.228	1.949	913.863	-0.791
0.124	49.467	20.311	2.261	1.958	912.644	-0.792
0.126	49.467	20.286	2.326	1.958	912.644	-0.793
0.127	49.473	20.304	2.367	1.966	911.426	-0.795
0.129	49.461	20.286	2.400	1.949	908.989	-0.792
0.130	49.467	20.304	2.433	1.958	906.552	-0.792
0.132	49.467	20.286	2.474	1.941	907.770	-0.792
0.133	49.461	20.292	2.515	1.966	915.081	-0.793
0.135	49.461	20.280	2.547	1.949	919.955	-0.795
0.136	49.449	20.298	2.572	1.949	926.048	-0.791
0.138	49.461	20.286	2.613	1.949	928.485	-0.795
0.139	49.455	20.298	2.646	1.949	927.266	-0.793
0.141	49.449	20.280	2.678	1.958	924.829	-0.793
0.142	49.449	20.317	2.695	1.958	926.048	-0.792
0.144	49.443	20.304	2.736	1.958	924.829	-0.792
0.145	49.443	20.317	2.744	1.949	921.174	-0.793
0.147	49.443	20.304	2.760	1.949	921.174	-0.792
0.148	49.431	20.317	2.793	1.949	919.955	-0.792
0.150	18.326	20.311	2.793	1.949	921.174	-0.796
0.151	0.877	20.323	2.711	1.958	921.174	-0.793
0.153	-0.104	20.311	2.605	1.949	912.644	-0.795
0.154	-0.177	20.323	2.498	1.958	913.863	-0.793
0.156	-0.177	20.292	2.408	1.958	912.644	-0.792
0.157	-0.195	20.317	2.326	1.958	913.863	-0.793
0.159	-0.189	20.304	2.244	1.941	908.989	-0.792
0.160	-0.189	20.317	2.154	1.958	908.989	-0.792
0.162	-0.195	20.304	2.089	1.941	906.552	-0.793
0.163	-0.189	20.329	2.023	1.949	907.770	-0.793
0.165	-0.189	20.311	1.974	1.949	911.426	-0.793
0.166	-0.189	20.317	1.941	1.966	917.518	-0.793
0.168	-0.189	20.304	1.892	1.958	922.392	-0.791
0.169	-0.183	20.317	1.810	1.958	928.485	-0.792
0.171	-0.189	20.298	1.769	1.958	930.922	-0.792
0.172	-0.183	20.304	1.720	1.958	928.485	-0.792
0.174	-0.177	20.298	1.696	1.958	927.266	-0.793
0.175	-0.183	20.317	1.655	1.958	924.829	-0.792
0.177	-0.189	20.304	1.622	1.941	923.611	-0.793
0.178	-0.189	20.298	1.564	1.958	922.392	-0.793
0.180	-0.177	20.298	1.540	1.949	922.392	-0.792
0.181	-0.177	20.304	1.499	1.958	921.174	-0.792
0.183	-0.177	20.298	1.474	1.966	917.518	-0.793
0.184	-0.177	20.304	1.425	1.958	916.300	-0.795
0.186	-0.170	20.292	1.392	1.974	915.081	-0.793
0.187	-0.170	20.298	1.376	1.958	913.863	-0.792
0.189	-0.177	20.286	1.352	1.949	912.644	-0.792
0.190	-0.177	20.298	1.335	1.958	911.426	-0.792
0.192	-0.177	20.292	1.302	1.941	911.426	-0.791
0.193	-0.170	20.311	1.270	1.958	904.115	-0.793
0.195	-0.164	20.298	1.261	1.949	908.989	-0.792
0.196	-0.177	20.298	1.237	1.974	908.989	-0.793
0.198	-0.170	20.304	1.229	1.966	916.300	-0.792
0.199	-0.177	20.317	1.204	1.958	922.392	-0.795
0.201	40.804	20.304	1.237	1.958	932.140	-0.792
0.202	48.919	20.317	1.335	1.958	930.922	-0.792
0.204	49.407	20.323	1.417	1.958	928.485	-0.793
0.205	49.461	20.311	1.515	1.958	927.266	-0.795
0.207	49.480	20.317	1.589	1.958	924.829	-0.793
0.208	49.486	20.311	1.679	1.958	923.611	-0.793
0.210	49.486	20.304	1.745	1.949	924.829	-0.792
0.211	49.486	20.286	1.810	1.958	919.955	-0.795
0.213	49.480	20.304	1.884	1.958	919.955	-0.792
0.214	49.486	20.286	1.933	1.949	917.518	-0.792
0.216	49.480	20.304	1.990	1.958	915.081	-0.792
0.217	49.473	20.292	2.048	1.958	915.081	-0.793
0.219	49.473	20.298	2.105	1.958	913.863	-0.791
0.220	49.473	20.298	2.154	1.958	911.426	-0.791
0.222	49.473	20.298	2.203	1.941	910.207	-0.793
0.223	49.473	20.280	2.253	1.958	908.989	-0.791
0.225	49.461	20.292	2.285	1.966	907.770	-0.793
0.226	49.480	20.286	2.318	1.958	912.644	-0.792
0.228	49.461	20.304	2.375	1.958	908.989	-0.793
0.229	49.461	20.286	2.416	1.958	915.081	-0.792
0.231	49.467	20.304	2.449	1.958	919.955	-0.792
0.232	49.455	20.286	2.474	1.958	924.829	-0.792
0.234	49.461	20.298	2.531	1.949	928.485	-0.792
0.235	49.449	20.292	2.556	1.949	929.703	-0.792
0.237	49.455	20.298	2.588	1.958	927.266	-0.792
0.238	49.449	20.268	2.621	1.949	927.266	-0.793
0.240	49.443	20.298	2.646	1.958	926.048	-0.791
0.241	49.443	20.286	2.678	1.941	922.392	-0.795
0.243	49.443	20.292	2.703	1.949	922.392	-0.792
0.244	49.443	20.286	2.744	1.958	921.174	-0.795
0.246	49.437	20.292	2.752	1.966	918.737	-0.792
0.247	49.431	20.280	2.793	1.958	918.737	-0.792
0.249	49.437	20.280	2.809	1.958	916.300	-0.793
0.250	14.764	20.274	2.809	1.958	912.644	-0.795
0.252	0.688	20.292	2.711	1.958	917.518	-0.792
0.253	-0.128	20.268	2.605	1.958	912.644	-0.795
0.255	-0.183	20.286	2.498	1.949	908.989	-0.793
0.256	-0.189	20.262	2.408	1.958	910.207	-0.792
0.258	-0.189	20.292	2.310	1.966	905.333	-0.793
0.259	-0.189	20.280	2.220	1.966	908.989	-0.793
0.261	-0.189	20.292	2.171	1.949	912.644	-0.793
0.262	-0.201	20.262	2.080	1.958	919.955	-0.791
0.264	-0.189	20.280	2.040	1.958	924.829	-0.795
0.265	-0.201	20.268	1.982	1.949	929.703	-0.792
0.267	-0.189	20.274	1.933	1.958	928.485	-0.793
0.268	-0.189	20.262	1.876	1.974	924.829	-0.793
0.270	-0.189	20.268	1.827	1.958	927.266	-0.793
0.271	-0.189	20.256	1.761	1.958	924.829	-0.793
0.273	-0.183	20.256	1.720	1.966	922.392	-0.795
0.274	-0.195	20.256	1.679	1.949	919.955	-0.796
0.276	-0.183	20.250	1.646	1.966	919.955	-0.796
0.277	-0.189	20.244	1.614	1.966	917.518	-0.793
0.279	-0.177	20.256	1.573	1.958	917.518	-0.796
0.280	-0.189	20.244	1.540	1.949	916.300	-0.795
0.282	-0.177	20.244	1.524	1.958	913.863	-0.793
0.283	-0.189	20.231	1.474	1.958	911.426	-0.795
0.285	-0.177	20.262	1.450	1.949	911.426	-0.795
0.286	-0.177	20.231	1.409	1.958	912.644	-0.791
0.288	-0.183	20.262	1.384	1.958	910.207	-0.793
0.289	-0.183	20.250	1.368	1.958	905.333	-0.793
0.291	-0.177	20.250	1.319	1.966	907.770	-0.795
0.292	-0.170	20.256	1.286	1.958	912.644	-0.793
0.294	-0.177	20.250	1.294	1.949	917.518	-0.792
0.295	-0.183	20.250	1.270	1.949	919.955	-0.793
0.297	-0.164	20.256	1.245	1.958	928.485	-0.793
0.298	-0.170	20.250	1.220	1.949	928.485	-0.792
0.300	-0.189	20.244	1.212	1.966	928.485	-0.795
0.301	42.393	20.231	1.237	1.958	928.485	-0.795
0.303	49.017	20.244	1.343	1.958	928.485	-0.792
0.304	49.413	20.244	1.433	1.966	924.829	-0.793
0.306	49.467	20.244	1.524	1.958	923.611	-0.795
0.307	49.480	20.237	1.597	1.966	919.955	-0.792
0.309	49.486	20.225	1.704	1.958	919.955	-0.795
0.310	49.480	20.237	1.753	1.958	919.955	-0.792
0.312	49.486	20.237	1.818	1.958	919.955	-0.793
0.313	49.480	20.244	1.884	1.966	916.300	-0.795
0.315	49.480	20.231	1.949	1.958	913.863	-0.791
0.316	49.473	20.244	2.007	1.958	913.863	-0.793
0.318	49.480	20.219	2.040	1.958	911.426	-0.793
0.319	49.467	20.231	2.105	1.966	913.863	-0.793
0.321	49.480	20.219	2.179	1.974	907.770	-0.792
0.322	49.473	20.231	2.203	1.949	907.770	-0.793
0.324	49.473	20.213	2.244	1.958	910.207	-0.792
0.325	49.467	20.237	2.285	1.966	913.863	-0.792
0.327	49.461	20.225	2.343	1.958	922.392	-0.793
0.328	49.467	20.231	2.367	1.966	926.048	-0.793
0.330	49.461	20.213	2.408	1.949	927.266	-0.792
0.331	49.461	20.225	2.433	1.958	927.266	-0.795
0.333	49.455	20.213	2.474	1.949	927.266	-0.793
0.334	49.461	20.225	2.515	1.958	926.048	-0.793
0.336	49.449	20.201	2.539	1.958	924.829	-0.795
0.337	49.455	20.219	2.564	1.958	923.611	-0.790
0.339	49.449	20.201	2.613	1.974	921.174	-0.792
0.340	49.449	20.213	2.646	1.966	919.955	-0.793
0.342	49.449	20.189	2.678	1.958	917.518	-0.793
0.343	49.437	20.219	2.695	1.966	916.300	-0.793
0.345	49.443	20.183	2.736	1.966	915.081	-0.793
0.346	49.443	20.219	2.752	1.958	913.863	-0.793
0.348	49.437	20.195	2.769	1.966	912.644	-0.792
0.349	49.437	20.213	2.809	1.958	911.426	-0.795
0.351	11.927	20.201	2.809	1.966	899.241	-0.801
0.352	0.530	20.207	2.695	1.958	910.207	-0.796
0.354	-0.128	20.189	2.597	1.958	904.115	-0.796
0.355	-0.183	20.189	2.474	1.966	907.770	-0.793
0.357	-0.189	20.171	2.392	1.958	911.426	-0.793
0.358	-0.195	20.183	2.302	1.974	918.737	-0.793
0.360	-0.201	20.171	2.220	1.958	923.611	-0.793
0.361	-0.189	20.171	2.146	1.958	929.703	-0.795
0.363	-0.189	20.152	2.097	1.966	928.485	-0.793
0.364	-0.195	20.164	2.023	1.958	928.485	-0.793
0.366	-0.195	20.158	1.966	1.966	927.266	-0.792
0.367	-0.177	20.158	1.917	1.974	926.048	-0.792
0.369	-0.195	20.146	1.868	1.958	923.611	-0.792
0.370	-0.195	20.152	1.835	1.966	921.174	-0.792
0.372	-0.189	20.140	1.769	1.958	921.174	-0.793
0.373	-0.183	20.134	1.745	1.966	919.955	-0.792
0.375	-0.183	20.134	1.687	1.966	917.518	-0.793
0.376	-0.189	20.116	1.630	1.958	915.081	-0.793
0.378	-0.183	20.122	1.605	1.974	916.300	-0.793
0.379	-0.189	20.116	1.564	1.966	916.300	-0.792
0.381	-0.183	20.122	1.556	1.966	912.644	-0.792
0.382	-0.177	20.104	1.483	1.966	912.644	-0.793
0.384	-0.170	20.110	1.466	1.949	908.989	-0.793
0.385	-0.183	20.097	1.433	1.958	904.115	-0.793
0.387	-0.177	20.091	1.409	1.958	907.770	-0.792
0.388	-0.177	20.079	1.384	1.958	912.644	-0.793
0.390	-0.164	20.091	1.368	1.949	917.518	-0.793
0.391	-0.170	20.079	1.335	1.974	921.174	-0.793
0.393	-0.177	20.091	1.302	1.958	926.048	-0.793
0.394	-0.177	20.073	1.294	1.958	929.703	-0.792
0.396	-0.177	20.085	1.261	1.974	929.703	-0.793
0.397	-0.183	20.055	1.245	1.974	926.048	-0.795
0.399	-0.177	20.067	1.212	1.966	924.829	-0.792
0.400	-0.250	20.049	1.204	1.974	923.611	-0.795
0.402	43.702	20.061	1.237	1.958	924.829	-0.793
0.403	49.096	20.049	1.343	1.974	921.174	-0.793
0.405	49.419	20.061	1.433	1.966	916.300	-0.795
0.406	49.467	20.049	1.532	1.966	917.518	-0.796
0.408	49.480	20.043	1.622	1.958	915.081	-0.796
0.409	49.486	20.037	1.679	1.958	916.300	-0.793
0.411	49.480	20.049	1.769	1.958	913.863	-0.795
0.412	49.473	20.024	1.827	1.958	912.644	-0.793
0.414	49.486	20.037	1.884	1.966	908.989	-0.793
0.415	49.473	20.012	1.958	1.974	908.989	-0.795
0.417	49.480	20.024	2.015	1.958	907.770	-0.793
0.418	49.473	20.006	2.064	1.966	913.863	-0.793
0.420	49.467	20.012	2.105	1.966	910.207	-0.793
0.421	49.467	19.994	2.162	1.966	915.081	-0.793
0.423	49.480	20.000	2.203	1.974	918.737	-0.793
0.424	49.467	19.988	2.253	1.958	926.048	-0.793
0.426	49.473	19.994	2.310	1.966	929.703	-0.793
0.427	49.461	19.982	2.334	1.966	929.703	-0.793
0.429	49.461	19.976	2.384	1.958	927.266	-0.795
0.430	49.461	19.976	2.425	1.966	926.048	-0.793
0.432	49.461	19.964	2.465	1.974	924.829	-0.793
0.433	49.467	19.951	2.490	1.966	922.392	-0.792
0.435	49.449	19.939	2.515	1.966	922.392	-0.793
0.436	49.449	19.957	2.564	1.958	921.174	-0.791
0.438	49.455	19.945	2.605	1.974	917.518	-0.793
0.439	49.449	19.939	2.637	1.966	916.300	-0.791
0.441	49.449	19.927	2.662	1.974	916.300	-0.792
0.442	49.449	19.921	2.687	1.958	916.300	-0.793
0.444	49.437	19.897	2.719	1.974	913.863	-0.792
0.445	49.437	19.915	2.736	1.966	912.644	-0.792
0.447	49.437	19.903	2.769	1.958	910.207	-0.793
0.448	49.431	19.909	2.801	1.974	910.207	-0.793
0.450	49.437	19.890	2.818	1.958	907.770	-0.792
0.451	9.632	19.909	2.826	1.966	900.459	-0.797
0.453	0.408	19.878	2.687	1.958	912.644	-0.797
0.454	-0.128	19.890	2.588	1.974	917.518	-0.793
0.456	-0.170	19.866	2.482	1.966	923.611	-0.793
0.457	-0.195	19.878	2.392	1.974	929.703	-0.795
0.459	-0.195	19.848	2.302	1.974	928.485	-0.792
0.460	-0.195	19.866	2.236	1.974	927.266	-0.792
0.462	-0.189	19.848	2.138	1.966	923.611	-0.793
0.463	-0.195	19.866	2.089	1.966	924.829	-0.793
0.465	-0.189	19.842	2.031	1.966	923.611	-0.792
0.466	-0.183	19.848	1.982	1.966	919.955	-0.795
0.468	-0.189	19.823	1.933	1.966	919.955	-0.792
0.469	-0.189	19.836	1.859	1.982	919.955	-0.795
0.471	-0.189	19.811	1.835	1.966	917.518	-0.793
0.472	-0.189	19.823	1.794	1.974	916.300	-0.792
0.474	-0.177	19.805	1.728	1.974	916.300	-0.793
0.475	-0.189	19.805	1.671	1.974	911.426	-0.793
0.477	-0.189	19.787	1.638	1.974	911.426	-0.792
0.478	-0.183	19.793	1.605	1.982	907.770	-0.792
0.480	-0.177	19.787	1.564	1.966	907.770	-0.792
0.481	-0.183	19.775	1.540	1.974	907.770	-0.792
0.483	-0.177	19.781	1.499	1.982	910.207	-0.792
0.484	-0.183	19.757	1.474	1.974	910.207	-0.791
0.486	-0.170	19.757	1.442	1.982	917.518	-0.791
0.487	-0.183	19.738	1.409	1.974	921.174	-0.792
0.489	-0.183	19.744	1.384	1.974	926.048	-0.792
0.490	-0.189	19.720	1.360	1.974	928.485	-0.792
0.492	-0.183	19.720	1.343	1.982	927.266	-0.792
0.493	-0.170	19.683	1.302	1.990	927.266	-0.791
0.495	-0.177	19.702	1.294	1.974	926.048	-0.792
0.496	-0.170	19.677	1.278	1.982	924.829	-0.790
0.498	-0.170	19.690	1.237	1.974	923.611	-0.791
0.499	-0.170	19.671	1.229	1.982	922.392	-0.791
0.501	-0.335	19.665	1.204	1.990	919.955	-0.790
0.502	44.761	19.653	1.253	1.982	918.737	-0.790
0.504	49.163	19.641	1.352	1.982	916.300	-0.791
0.505	49.425	19.616	1.450	1.990	915.081	-0.795
0.507	49.461	19.610	1.540	1.974	912.644	-0.792
0.508	49.486	19.592	1.630	1.982	912.644	-0.792
0.510	49.480	19.574	1.696	1.982	912.644	-0.792
0.511	49.480	19.574	1.777	1.990	910.207	-0.791
0.513	49.480	19.598	1.835	1.982	908.989	-0.792
0.514	49.480	19.580	1.900	1.982	906.552	-0.791
0.516	49.486	19.671	1.958	1.982	910.207	-0.791
0.517	49.480	19.787	2.015	1.990	915.081	-0.792
0.519	49.467	19.872	2.072	1.982	922.392	-0.791
0.520	49.467	19.945	2.130	1.982	927.266	-0.791
0.522	49.473	20.000	2.162	1.982	928.485	-0.790
0.523	49.480	20.079	2.220	1.982	927.266	-0.792
0.525	49.467	20.171	2.261	1.982	927.266	-0.792
0.526	49.467	20.237	2.302	1.990	924.829	-0.792
0.528	49.461	20.298	2.359	1.990	923.611	-0.792
0.529	49.467	20.359	2.400	1.990	917.518	-0.796
0.531	49.461	20.432	2.425	1.974	922.392	-0.792
0.532	49.461	20.481	2.474	1.974	918.737	-0.791
0.534	49.461	20.542	2.498	1.982	918.737	-0.793
0.535	49.455	20.597	2.539	1.990	916.300	-0.793
0.537	49.455	20.633	2.572	1.974	915.081	-0.791
0.538	49.443	20.682	2.605	1.982	913.863	-0.792
0.540	49.449	20.718	2.646	1.982	911.426	-0.793
0.541	49.443	20.761	2.670	1.974	908.989	-0.791
0.543	49.443	20.785	2.703	1.982	908.989	-0.792
0.544	49.449	20.828	2.719	1.982	908.989	-0.793
0.546	49.437	20.834	2.752	1.982	907.770	-0.792
0.547	49.443	20.852	2.785	1.982	908.989	-0.792
0.549	49.431	20.871	2.785	1.982	912.644	-0.791
0.550	49.419	20.858	2.826	1.966	918.737	-0.793
0.552	7.775	20.852	2.826	1.966	918.737	-0.792
0.553	0.298	20.840	2.703	1.982	928.485	-0.795
0.555	-0.140	20.834	2.588	1.982	927.266	-0.792
0.556	-0.189	20.822	2.482	1.990	928.485	-0.791
0.558	-0.195	20.816	2.384	1.974	926.048	-0.791
0.559	-0.201	20.804	2.293	1.982	927.266	-0.791
0.561	-0.183	20.810	2.220	1.974	923.611	-0.792
0.562	-0.201	20.792	2.138	1.974	922.392	-0.792
0.564	-0.189	20.767	2.089	1.974	921.174	-0.792
0.565	-0.195	20.767	2.031	1.982	921.174	-0.791
0.567	-0.195	20.749	1.990	1.974	918.737	-0.792
0.568	-0.195	20.743	1.925	1.974	915.081	-0.791
0.570	-0.189	20.725	1.876	1.974	917.518	-0.790
0.571	-0.189	20.725	1.835	1.974	915.081	-0.790
0.573	-0.189	20.700	1.786	1.982	915.081	-0.793
0.574	-0.183	20.712	1.728	1.966	911.426	-0.791
0.576	-0.183	20.694	1.696	1.966	908.989	-0.793
0.577	-0.189	20.700	1.646	1.982	902.896	-0.792
0.579	-0.183	20.682	1.614	1.974	906.552	-0.790
0.580	-0.183	20.676	1.581	1.966	910.207	-0.795
0.582	-0.183	20.658	1.548	1.966	917.518	-0.793
0.583	-0.177	20.664	1.499	1.958	923.611	-0.791
0.585	-0.177	20.639	1.466	1.966	926.048	-0.792
0.586	-0.177	20.639	1.433	1.966	929.703	-0.792
0.588	-0.183	20.621	1.401	1.966	927.266	-0.792
0.589	-0.183	20.609	1.376	1.974	926.048	-0.793
0.591	-0.177	20.591	1.368	1.966	922.392	-0.791
0.592	-0.177	20.591	1.335	1.974	921.174	-0.792
0.594	-0.170	20.566	1.311	1.958	926.048	-0.790
0.595	-0.164	20.566	1.278	1.958	917.518	-0.792
0.597	-0.177	20.542	1.286	1.966	918.737	-0.792
0.598	-0.170	20.542	1.245	1.966	916.300	-0.792
0.600	-0.170	20.530	1.229	1.958	915.081	-0.792
0.601	-0.292	20.524	1.196	1.966	913.863	-0.791
0.603	45.620	20.505	1.253	1.974	912.644	-0.792
0.604	49.212	20.493	1.360	1.966	910.207	-0.795
0.606	49.431	20.481	1.466	1.974	908.989	-0.793
0.607	49.467	20.469	1.556	1.974	908.989	-0.791
0.609	49.486	20.451	1.638	1.974	907.770	-0.791
0.610	49.486	20.420	1.704	1.966	915.081	-0.792
0.612	49.480	20.420	1.777	1.958	908.989	-0.792
0.613	49.473	20.408	1.843	1.966	913.863	-0.792
0.615	49.480	20.408	1.900	1.966	919.955	-0.792
0.616	49.467	20.378	1.974	1.958	927.266	-0.791
0.618	49.480	20.396	2.023	1.974	930.922	-0.792
0.619	49.480	20.353	2.080	1.966	927.266	-0.791
0.621	49.467	20.365	2.130	1.982	928.485	-0.791
0.622	49.467	20.329	2.179	1.974	926.048	-0.791
0.624	49.467	20.341	2.220	1.966	926.048	-0.791
0.625	49.480	20.311	2.269	1.974	922.392	-0.791
0.627	49.467	20.329	2.310	1.966	922.392	-0.790
0.628	49.455	20.304	2.343	1.966	921.174	-0.789
0.630	49.461	20.311	2.392	1.958	919.955	-0.791
0.631	49.467	20.286	2.441	1.958	918.737	-0.793
0.633	49.455	20.298	2.474	1.966	915.081	-0.791
0.634	49.455	20.262	2.506	1.966	913.863	-0.792
0.636	49.455	20.268	2.539	1.974	912.644	-0.791
0.637	49.443	20.244	2.564	1.966	912.644	-0.791
0.639	49.443	20.237	2.605	1.966	910.207	-0.791
0.640	49.443	20.225	2.629	1.958	910.207	-0.791
0.642	49.443	20.201	2.670	1.958	906.552	-0.792
0.643	49.449	20.201	2.687	1.974	906.552	-0.791
0.645	49.437	20.201	2.736	1.966	911.426	-0.792
0.646	49.443	20.195	2.769	1.958	918.737	-0.790
0.648	49.437	20.177	2.785	1.966	923.611	-0.791
0.649	49.437	20.183	2.801	1.974	928.485	-0.791
0.651	49.425	20.158	2.818	1.966	928.485	-0.790
0.652	6.283	20.152	2.809	1.966	924.829	-0.791
0.654	0.219	20.128	2.703	1.966	923.611	-0.795
0.655	-0.140	20.134	2.588	1.958	923.611	-0.791
0.657	-0.177	20.110	2.490	1.966	924.829	-0.791
0.658	-0.201	20.122	2.384	1.966	918.737	-0.793
0.660	-0.201	20.091	2.293	1.982	919.955	-0.792
0.661	-0.201	20.110	2.203	1.958	921.174	-0.792
0.663	-0.189	20.079	2.138	1.958	916.300	-0.791
