Time (ms)	Ch1 V	Ch2 V	Ch1 A	Ch2 A	RPM	Torque
0.000	9.760	-20.676	1.392	-1.859	958.947	0.519
0.002	0.481	-20.658	1.352	-1.876	943.106	0.509
0.003	0.116	-20.664	1.335	-1.859	946.762	0.509
0.005	0.116	-20.658	1.311	-1.868	943.106	0.504
0.006	0.134	-20.670	1.294	-1.859	940.669	0.505
0.008	0.140	-20.645	1.278	-1.876	939.451	0.509
0.009	0.140	-20.664	1.270	-1.859	935.795	0.505
0.011	0.140	-20.651	1.237	-1.868	937.014	0.509
0.012	0.146	-20.676	1.220	-1.868	934.577	0.505
0.014	0.146	-20.658	1.220	-1.859	933.358	0.505
0.015	0.146	-20.664	1.204	-1.859	932.140	0.508
0.017	0.134	-20.645	1.188	-1.868	930.922	0.507
0.019	0.128	-20.645	1.163	-1.868	928.485	0.507
0.020	0.146	-20.658	1.163	-1.868	927.266	0.508
0.022	0.146	-20.645	1.155	-1.876	926.048	0.505
0.023	0.152	-20.658	1.139	-1.859	918.737	0.507
0.025	0.146	-20.651	1.122	-1.868	923.611	0.507
0.026	0.140	-20.664	1.122	-1.876	928.485	0.507
0.028	0.134	-20.658	1.106	-1.859	932.140	0.507
0.029	0.140	-20.670	1.089	-1.876	938.232	0.507
0.031	0.140	-20.658	1.073	-1.868	944.325	0.508
0.033	0.140	-20.670	1.065	-1.868	943.106	0.507
0.034	0.140	-20.664	1.065	-1.868	941.888	0.507
0.036	0.128	-20.670	1.040	-1.868	941.888	0.507
0.037	0.140	-20.658	1.048	-1.859	940.669	0.505
0.039	0.128	-20.676	1.024	-1.859	940.669	0.507
0.040	0.134	-20.658	1.024	-1.868	935.795	0.507
0.042	0.134	-20.682	1.007	-1.876	935.795	0.505
0.043	0.134	-20.651	0.991	-1.868	934.577	0.507
0.045	0.128	-20.688	0.991	-1.868	934.577	0.505
0.046	0.128	-20.664	0.975	-1.859	932.140	0.507
0.048	0.134	-20.682	0.975	-1.868	929.703	0.507
0.050	-27.416	-20.645	0.958	-1.876	930.922	0.505
0.051	-48.457	-20.664	1.057	-1.868	929.703	0.508
0.053	-49.522	-20.676	1.147	-1.868	924.829	0.502
0.054	-49.589	-20.676	1.229	-1.876	922.392	0.505
0.056	-49.607	-20.670	1.311	-1.859	930.922	0.507
0.057	-49.607	-20.658	1.392	-1.868	926.048	0.504
0.059	-49.607	-20.664	1.458	-1.868	932.140	0.505
0.060	-49.607	-20.658	1.524	-1.859	937.014	0.504
0.062	-49.607	-20.664	1.581	-1.859	943.106	0.504
0.064	-49.601	-20.645	1.638	-1.868	944.325	0.505
0.065	-49.607	-20.651	1.696	-1.859	945.543	0.504
0.067	-49.595	-20.639	1.745	-1.859	944.325	0.505
0.068	-49.595	-20.651	1.802	-1.876	941.888	0.505
0.070	-49.601	-20.645	1.843	-1.868	940.669	0.505
0.071	-49.595	-20.658	1.892	-1.859	937.014	0.504
0.073	-49.589	-20.633	1.933	-1.859	939.451	0.505
0.074	-49.589	-20.651	1.990	-1.851	935.795	0.505
0.076	-49.589	-20.633	2.015	-1.859	933.358	0.505
0.077	-49.589	-20.645	2.064	-1.876	932.140	0.505
0.079	-49.577	-20.639	2.097	-1.851	930.922	0.505
0.081	-49.547	-20.664	2.154	-1.859	929.703	0.507
0.082	-49.565	-20.651	2.212	-1.868	927.266	0.505
0.084	-49.571	-20.664	2.236	-1.859	927.266	0.505
0.085	-49.559	-20.664	2.277	-1.859	924.829	0.505
0.087	-49.565	-20.658	2.326	-1.859	924.829	0.507
0.088	-49.565	-20.658	2.351	-1.868	926.048	0.505
0.090	-49.559	-20.645	2.375	-1.868	929.703	0.507
0.091	-49.559	-20.651	2.408	-1.868	934.577	0.505
0.093	-49.559	-20.633	2.441	-1.868	941.888	0.505
0.095	-49.547	-20.651	2.465	-1.868	944.325	0.505
0.096	-49.559	-20.621	2.498	-1.859	944.325	0.507
0.098	-49.553	-20.639	2.523	-1.868	943.106	0.507
0.099	-49.553	-20.621	2.556	-1.868	940.669	0.505
0.101	-49.540	-20.639	2.580	-1.868	940.669	0.507
0.102	-49.540	-20.615	2.597	-1.859	938.232	0.507
0.104	-49.547	-20.639	2.621	-1.859	937.014	0.508
0.105	-49.540	-20.621	2.646	-1.868	932.140	0.504
0.107	-49.528	-20.621	2.670	-1.876	934.577	0.505
0.108	-49.528	-20.615	2.703	-1.868	930.922	0.505
0.110	-49.528	-20.639	2.711	-1.859	930.922	0.507
0.112	-49.522	-20.627	2.736	-1.876	929.703	0.507
0.113	-49.522	-20.651	2.760	-1.868	927.266	0.504
0.115	-49.522	-20.645	2.777	-1.868	928.485	0.504
0.116	-49.522	-20.651	2.809	-1.859	923.611	0.504
0.118	-49.522	-20.639	2.826	-1.868	924.829	0.505
0.119	-49.516	-20.627	2.834	-1.868	924.829	0.505
0.121	-49.510	-20.633	2.859	-1.868	929.703	0.505
0.122	-49.510	-20.627	2.875	-1.868	933.358	0.507
0.124	-49.510	-20.627	2.900	-1.859	937.014	0.504
0.126	-49.504	-20.633	2.916	-1.859	945.543	0.507
0.127	-49.498	-20.633	2.941	-1.859	944.325	0.504
0.129	-49.498	-20.621	2.965	-1.876	944.325	0.505
0.130	-49.492	-20.633	2.973	-1.851	943.106	0.505
0.132	-49.486	-20.609	2.973	-1.876	941.888	0.507
0.133	-49.486	-20.627	2.998	-1.868	938.232	0.505
0.135	-49.486	-20.603	3.031	-1.868	939.451	0.508
0.136	-49.480	-20.609	3.047	-1.868	935.795	0.505
0.138	-49.480	-20.603	3.055	-1.868	935.795	0.507
0.139	-49.473	-20.609	3.072	-1.868	933.358	0.507
0.141	-49.473	-20.603	3.104	-1.868	932.140	0.508
0.143	-49.473	-20.609	3.113	-1.868	930.922	0.507
0.144	-49.461	-20.603	3.129	-1.859	929.703	0.508
0.146	-49.461	-20.609	3.137	-1.868	928.485	0.508
0.147	-49.461	-20.609	3.170	-1.859	926.048	0.509
0.149	-49.455	-20.609	3.170	-1.884	919.955	0.510
0.150	-17.321	-20.609	3.170	-1.868	916.300	0.500
0.152	-0.633	-20.597	3.072	-1.859	929.703	0.509
0.153	0.158	-20.603	2.949	-1.868	929.703	0.505
0.155	0.189	-20.597	2.842	-1.859	940.669	0.509
0.157	0.177	-20.609	2.736	-1.859	943.106	0.509
0.158	0.177	-20.609	2.646	-1.876	944.325	0.508
0.160	0.177	-20.615	2.572	-1.868	943.106	0.508
0.161	0.177	-20.591	2.482	-1.868	940.669	0.508
0.163	0.177	-20.603	2.416	-1.868	939.451	0.508
0.164	0.170	-20.591	2.334	-1.851	940.669	0.509
0.166	0.177	-20.597	2.261	-1.859	937.014	0.508
0.167	0.170	-20.578	2.203	-1.859	935.795	0.508
0.169	0.170	-20.591	2.154	-1.868	933.358	0.508
0.170	0.158	-20.572	2.089	-1.868	932.140	0.509
0.172	0.164	-20.585	2.048	-1.859	933.358	0.508
0.174	0.158	-20.585	1.990	-1.868	930.922	0.509
0.175	0.164	-20.578	1.949	-1.876	928.485	0.505
0.177	0.164	-20.572	1.900	-1.876	929.703	0.508
0.178	0.164	-20.560	1.835	-1.859	924.829	0.505
0.180	0.158	-20.572	1.818	-1.868	926.048	0.509
0.181	0.164	-20.554	1.769	-1.868	928.485	0.507
0.183	0.152	-20.560	1.736	-1.868	924.829	0.509
0.184	0.164	-20.554	1.687	-1.876	929.703	0.507
0.186	0.158	-20.560	1.663	-1.876	933.358	0.505
0.188	0.164	-20.542	1.630	-1.868	941.888	0.505
0.189	0.152	-20.560	1.605	-1.859	945.543	0.508
0.191	0.152	-20.554	1.564	-1.868	943.106	0.508
0.192	0.158	-20.566	1.540	-1.868	943.106	0.508
0.194	0.152	-20.554	1.515	-1.868	940.669	0.505
0.195	0.146	-20.572	1.491	-1.859	938.232	0.507
0.197	0.152	-20.548	1.450	-1.876	938.232	0.509
0.198	0.152	-20.560	1.433	-1.868	938.232	0.507
0.200	0.158	-20.554	1.409	-1.868	937.014	0.508
0.201	7.647	-20.566	1.392	-1.876	944.325	0.515
0.203	0.402	-20.542	1.360	-1.876	933.358	0.511
0.205	0.110	-20.542	1.327	-1.859	932.140	0.508
0.206	0.122	-20.542	1.319	-1.876	929.703	0.508
0.208	0.140	-20.536	1.302	-1.876	927.266	0.507
0.209	0.152	-20.542	1.286	-1.868	929.703	0.509
0.211	0.140	-20.511	1.270	-1.876	926.048	0.509
0.212	0.146	-20.518	1.253	-1.876	921.174	0.507
0.214	0.140	-20.505	1.245	-1.868	924.829	0.508
0.215	0.140	-20.518	1.212	-1.876	930.922	0.510
0.217	0.146	-20.505	1.204	-1.876	937.014	0.509
0.219	0.134	-20.518	1.179	-1.868	940.669	0.508
0.220	0.146	-20.505	1.179	-1.859	945.543	0.507
0.222	0.140	-20.524	1.163	-1.868	943.106	0.509
0.223	0.140	-20.511	1.155	-1.876	943.106	0.507
0.225	0.146	-20.511	1.130	-1.868	940.669	0.508
0.226	0.140	-20.499	1.114	-1.868	938.232	0.508
0.228	0.146	-20.499	1.098	-1.859	938.232	0.507
0.229	0.140	-20.493	1.089	-1.868	937.014	0.507
0.231	0.146	-20.499	1.081	-1.868	934.577	0.507
0.232	0.140	-20.481	1.081	-1.868	935.795	0.507
0.234	0.146	-20.493	1.065	-1.868	933.358	0.507
0.236	0.134	-20.505	1.040	-1.859	930.922	0.507
0.237	0.128	-20.493	1.057	-1.868	929.703	0.507
0.239	0.140	-20.499	1.032	-1.876	928.485	0.507
0.240	0.134	-20.487	1.024	-1.868	926.048	0.507
0.242	0.140	-20.499	1.016	-1.876	927.266	0.507
0.243	0.134	-20.481	0.999	-1.876	922.392	0.507
0.245	0.128	-20.493	0.991	-1.868	926.048	0.507
0.246	0.140	-20.475	0.983	-1.859	926.048	0.505
0.248	0.128	-20.499	0.983	-1.876	932.140	0.508
0.250	0.134	-20.469	0.975	-1.868	938.232	0.505
0.251	-32.024	-20.469	0.958	-1.868	939.451	0.503
0.253	-48.688	-20.457	1.073	-1.876	947.980	0.505
0.254	-49.534	-20.451	1.147	-1.876	943.106	0.505
0.256	-49.589	-20.451	1.237	-1.884	941.888	0.507
0.257	-49.595	-20.457	1.319	-1.868	940.669	0.504
0.259	-49.607	-20.444	1.401	-1.876	939.451	0.507
0.260	-49.607	-20.444	1.466	-1.868	941.888	0.508
0.262	-49.607	-20.451	1.540	-1.876	937.014	0.507
0.263	-49.601	-20.432	1.597	-1.859	935.795	0.505
0.265	-49.607	-20.438	1.638	-1.876	934.577	0.507
0.267	-49.607	-20.420	1.704	-1.884	933.358	0.508
0.268	-49.601	-20.432	1.761	-1.876	932.140	0.507
0.270	-49.589	-20.414	1.810	-1.884	929.703	0.508
0.271	-49.589	-20.432	1.859	-1.868	927.266	0.507
0.273	-49.589	-20.390	1.908	-1.876	927.266	0.507
0.274	-49.589	-20.408	1.958	-1.868	926.048	0.507
0.276	-49.589	-20.384	1.999	-1.868	922.392	0.508
0.277	-49.583	-20.402	2.040	-1.876	927.266	0.508
0.279	-49.583	-20.384	2.064	-1.884	930.922	0.507
0.281	-49.553	-20.384	2.130	-1.876	935.795	0.507
0.282	-49.559	-20.378	2.162	-1.876	944.325	0.507
0.284	-49.565	-20.378	2.220	-1.876	945.543	0.505
0.285	-49.565	-20.378	2.261	-1.876	943.106	0.507
0.287	-49.559	-20.371	2.285	-1.876	940.669	0.508
0.288	-49.565	-20.371	2.318	-1.884	940.669	0.505
0.290	-49.571	-20.359	2.367	-1.868	937.014	0.505
0.291	-49.559	-20.365	2.384	-1.892	935.795	0.507
0.293	-49.553	-20.347	2.416	-1.876	938.232	0.508
0.294	-49.559	-20.359	2.449	-1.884	933.358	0.504
0.296	-49.553	-20.341	2.465	-1.868	932.140	0.505
0.298	-49.559	-20.353	2.498	-1.868	932.140	0.505
0.299	-49.553	-20.329	2.523	-1.868	929.703	0.507
0.301	-49.553	-20.329	2.547	-1.876	928.485	0.505
0.302	-49.547	-20.317	2.588	-1.876	927.266	0.505
0.304	-49.540	-20.317	2.605	-1.884	926.048	0.507
0.305	-49.540	-20.304	2.621	-1.884	926.048	0.505
0.307	-49.540	-20.298	2.646	-1.876	923.611	0.504
0.308	-49.540	-20.298	2.678	-1.876	923.611	0.507
0.310	-49.528	-20.292	2.695	-1.884	929.703	0.507
0.312	-49.534	-20.292	2.728	-1.884	934.577	0.507
0.313	-49.528	-20.280	2.744	-1.892	940.669	0.507
0.315	-49.516	-20.292	2.760	-1.876	945.543	0.507
0.316	-49.516	-20.280	2.793	-1.884	945.543	0.507
0.318	-49.528	-20.292	2.818	-1.876	944.325	0.507
0.319	-49.504	-20.274	2.826	-1.884	940.669	0.505
0.321	-49.516	-20.280	2.850	-1.892	940.669	0.505
0.322	-49.510	-20.256	2.867	-1.884	939.451	0.507
0.324	-49.504	-20.262	2.891	-1.892	937.014	0.505
0.325	-49.498	-20.250	2.908	-1.884	933.358	0.505
0.327	-49.498	-20.244	2.924	-1.892	934.577	0.507
0.329	-49.504	-20.231	2.941	-1.892	933.358	0.508
0.330	-49.498	-20.231	2.949	-1.876	932.140	0.508
0.332	-49.492	-20.225	2.981	-1.884	928.485	0.508
0.333	-49.492	-20.219	2.998	-1.884	929.703	0.508
0.335	-49.486	-20.219	3.022	-1.884	927.266	0.507
0.336	-49.486	-20.201	3.031	-1.876	926.048	0.507
0.338	-49.486	-20.207	3.047	-1.892	922.392	0.507
0.339	-49.473	-20.183	3.063	-1.884	924.829	0.509
0.341	-49.467	-20.195	3.080	-1.876	930.922	0.509
0.343	-49.461	-20.177	3.096	-1.884	933.358	0.509
0.344	-49.467	-20.183	3.121	-1.892	939.451	0.509
0.346	-49.467	-20.164	3.121	-1.884	944.325	0.509
0.347	-49.461	-20.171	3.137	-1.884	944.325	0.507
0.349	-49.455	-20.158	3.162	-1.884	940.669	0.510
0.350	-49.449	-20.158	3.170	-1.884	940.669	0.508
0.352	-13.638	-20.146	3.162	-1.884	933.358	0.504
0.353	-0.463	-20.134	3.063	-1.884	938.232	0.508
0.355	0.158	-20.134	2.941	-1.892	934.577	0.505
0.356	0.183	-20.122	2.842	-1.884	933.358	0.509
0.358	0.177	-20.122	2.736	-1.892	933.358	0.509
0.360	0.177	-20.097	2.637	-1.892	933.358	0.508
0.361	0.177	-20.104	2.556	-1.884	930.922	0.508
0.363	0.177	-20.073	2.482	-1.884	930.922	0.507
0.364	0.183	-20.073	2.400	-1.884	926.048	0.507
0.366	0.164	-20.061	2.343	-1.892	926.048	0.508
0.367	0.164	-20.037	2.269	-1.884	926.048	0.507
0.369	0.177	-20.018	2.212	-1.892	924.829	0.507
0.370	0.170	-20.000	2.146	-1.884	929.703	0.508
0.372	0.164	-20.006	2.080	-1.900	927.266	0.507
0.374	0.170	-19.982	2.040	-1.892	932.140	0.508
0.375	0.170	-20.018	1.982	-1.892	938.232	0.508
0.377	0.170	-20.122	1.949	-1.884	945.543	0.509
0.378	0.158	-20.219	1.892	-1.900	944.325	0.508
0.380	0.164	-20.262	1.851	-1.892	945.543	0.509
0.381	0.158	-20.311	1.818	-1.900	943.106	0.507
0.383	0.170	-20.390	1.777	-1.908	943.106	0.509
0.384	0.152	-20.487	1.728	-1.900	939.451	0.508
0.386	0.158	-20.560	1.696	-1.892	934.577	0.507
0.387	0.152	-20.633	1.655	-1.892	937.014	0.510
0.389	0.158	-20.700	1.630	-1.900	934.577	0.507
0.391	0.158	-20.755	1.597	-1.900	935.795	0.509
0.392	0.158	-20.822	1.564	-1.900	933.358	0.509
0.394	0.146	-20.871	1.540	-1.884	932.140	0.509
0.395	0.152	-20.919	1.499	-1.892	929.703	0.509
0.397	0.152	-20.968	1.483	-1.892	930.922	0.511
0.398	0.152	-21.017	1.466	-1.892	927.266	0.510
0.400	0.146	-21.047	1.450	-1.884	924.829	0.508
0.401	0.152	-21.096	1.409	-1.892	923.611	0.510
0.403	6.027	-21.132	1.392	-1.884	934.577	0.513
0.405	0.329	-21.157	1.360	-1.884	933.358	0.511
0.406	0.104	-21.181	1.343	-1.884	937.014	0.509
0.408	0.128	-21.193	1.319	-1.884	940.669	0.509
0.409	0.146	-21.218	1.302	-1.884	946.762	0.509
0.411	0.152	-21.218	1.286	-1.892	944.325	0.510
0.412	0.146	-21.206	1.270	-1.876	943.106	0.510
0.414	0.140	-21.187	1.245	-1.884	943.106	0.509
0.415	0.140	-21.187	1.229	-1.884	939.451	0.508
0.417	0.146	-21.157	1.220	-1.884	938.232	0.507
0.418	0.140	-21.157	1.196	-1.884	937.014	0.508
0.420	0.146	-21.139	1.188	-1.876	935.795	0.507
0.422	0.140	-21.132	1.171	-1.876	932.140	0.509
0.423	0.152	-21.126	1.155	-1.884	932.140	0.510
0.425	0.152	-21.108	1.147	-1.884	929.703	0.505
0.426	0.146	-21.108	1.122	-1.900	928.485	0.507
0.428	0.140	-21.096	1.122	-1.884	927.266	0.508
0.429	0.140	-21.090	1.106	-1.876	927.266	0.508
0.431	0.134	-21.084	1.098	-1.884	924.829	0.507
0.432	0.140	-21.072	1.081	-1.884	923.611	0.509
0.434	0.140	-21.053	1.081	-1.876	924.829	0.507
0.436	0.140	-21.053	1.065	-1.892	927.266	0.507
0.437	0.134	-21.029	1.048	-1.884	934.577	0.505
0.439	0.140	-21.029	1.048	-1.884	941.888	0.507
0.440	0.134	-21.017	1.032	-1.884	943.106	0.507
0.442	0.134	-21.005	1.024	-1.876	944.325	0.505
0.443	0.128	-20.992	1.024	-1.876	941.888	0.507
0.445	0.134	-20.980	1.016	-1.884	943.106	0.508
0.446	0.134	-20.974	1.007	-1.868	940.669	0.505
0.448	0.128	-20.950	0.991	-1.892	939.451	0.507
0.449	0.140	-20.944	0.991	-1.884	935.795	0.505
0.451	0.134	-20.925	0.975	-1.876	935.795	0.508
0.453	-35.610	-20.907	0.967	-1.884	929.703	0.502
0.454	-48.877	-20.877	1.073	-1.876	933.358	0.505
0.456	-49.534	-20.889	1.155	-1.884	928.485	0.507
0.457	-49.589	-20.871	1.261	-1.876	930.922	0.507
0.459	-49.601	-20.877	1.327	-1.876	930.922	0.508
0.460	-49.607	-20.852	1.409	-1.884	927.266	0.507
0.462	-49.607	-20.858	1.474	-1.884	926.048	0.508
0.463	-49.601	-20.834	1.532	-1.884	919.955	0.507
0.465	-49.601	-20.828	1.589	-1.876	922.392	0.507
0.467	-49.601	-20.816	1.663	-1.876	928.485	0.505
0.468	-49.607	-20.798	1.712	-1.876	934.577	0.507
0.470	-49.601	-20.798	1.769	-1.884	939.451	0.507
0.471	-49.589	-20.767	1.810	-1.892	944.325	0.507
0.473	-49.595	-20.779	1.859	-1.876	945.543	0.505
0.474	-49.595	-20.743	1.908	-1.868	943.106	0.507
0.476	-49.583	-20.755	1.958	-1.868	940.669	0.507
0.477	-49.601	-20.725	1.990	-1.876	940.669	0.507
0.479	-49.583	-20.725	2.040	-1.884	938.232	0.505
0.480	-49.589	-20.700	2.080	-1.876	937.014	0.507
0.482	-49.547	-20.706	2.130	-1.892	935.795	0.505
0.484	-49.553	-20.682	2.171	-1.868	934.577	0.504
0.485	-49.571	-20.676	2.228	-1.876	933.358	0.507
0.487	-49.571	-20.676	2.261	-1.876	930.922	0.505
0.488	-49.571	-20.645	2.293	-1.868	929.703	0.507
0.490	-49.565	-20.651	2.318	-1.876	929.703	0.507
0.491	-49.565	-20.639	2.351	-1.876	927.266	0.505
0.493	-49.559	-20.633	2.392	-1.868	928.485	0.503
0.494	-49.565	-20.603	2.433	-1.876	922.392	0.507
0.496	-49.547	-20.609	2.449	-1.876	930.922	0.505
0.498	-49.553	-20.585	2.482	-1.884	926.048	0.507
0.499	-49.559	-20.591	2.498	-1.876	933.358	0.505
0.501	-49.540	-20.566	2.539	-1.892	937.014	0.507
0.502	-49.553	-20.578	2.572	-1.892	941.888	0.504
0.504	-49.540	-20.554	2.588	-1.884	945.543	0.504
0.505	-49.540	-20.554	2.597	-1.892	944.325	0.507
0.507	-49.534	-20.542	2.637	-1.876	943.106	0.505
0.508	-49.540	-20.530	2.654	-1.884	940.669	0.505
0.510	-49.534	-20.530	2.678	-1.884	940.669	0.505
0.511	-49.522	-20.511	2.695	-1.892	937.014	0.505
0.513	-49.534	-20.524	2.719	-1.859	937.014	0.505
0.515	-49.522	-20.499	2.744	-1.876	937.014	0.507
0.516	-49.522	-20.505	2.785	-1.884	935.795	0.507
0.518	-49.522	-20.475	2.785	-1.876	932.140	0.507
0.519	-49.510	-20.499	2.809	-1.884	930.922	0.507
0.521	-49.504	-20.475	2.834	-1.876	932.140	0.507
0.522	-49.510	-20.487	2.842	-1.884	929.703	0.507
0.524	-49.510	-20.457	2.867	-1.876	927.266	0.509
0.525	-49.510	-20.451	2.891	-1.884	924.829	0.508
0.527	-49.504	-20.432	2.916	-1.876	922.392	0.508
0.529	-49.504	-20.426	2.924	-1.876	924.829	0.508
0.530	-49.504	-20.426	2.949	-1.876	929.703	0.508
0.532	-49.504	-20.402	2.973	-1.876	934.577	0.508
0.533	-49.498	-20.408	2.981	-1.884	941.888	0.507
0.535	-49.492	-20.396	3.006	-1.876	945.543	0.509
0.536	-49.486	-20.390	3.022	-1.884	944.325	0.508
0.538	-49.480	-20.371	3.039	-1.884	941.888	0.508
0.539	-49.480	-20.390	3.055	-1.876	940.669	0.505
0.541	-49.473	-20.371	3.072	-1.884	940.669	0.509
0.542	-49.473	-20.384	3.088	-1.884	938.232	0.509
0.544	-49.473	-20.359	3.088	-1.884	937.014	0.507
0.546	-49.467	-20.378	3.113	-1.884	935.795	0.510
0.547	-49.467	-20.365	3.129	-1.884	933.358	0.507
0.549	-49.455	-20.384	3.145	-1.876	932.140	0.508
0.550	-49.455	-20.365	3.170	-1.892	932.140	0.509
0.552	-49.455	-20.365	3.178	-1.884	930.922	0.505
0.553	-10.740	-20.353	3.162	-1.892	918.737	0.502
0.555	-0.323	-20.347	3.055	-1.884	924.829	0.505
0.556	0.170	-20.347	2.932	-1.884	926.048	0.508
0.558	0.189	-20.359	2.818	-1.892	926.048	0.508
0.560	0.177	-20.353	2.728	-1.884	924.829	0.508
0.561	0.177	-20.353	2.646	-1.892	927.266	0.508
0.563	0.177	-20.341	2.547	-1.884	934.577	0.507
0.564	0.189	-20.329	2.457	-1.908	940.669	0.508
0.566	0.158	-20.353	2.400	-1.884	945.543	0.509
0.567	0.170	-20.323	2.334	-1.884	945.543	0.508
0.569	0.164	-20.335	2.253	-1.884	943.106	0.507
0.570	0.170	-20.317	2.203	-1.892	941.888	0.508
0.572	0.170	-20.335	2.154	-1.892	939.451	0.507
0.573	0.164	-20.311	2.089	-1.884	940.669	0.509
0.575	0.158	-20.341	2.040	-1.884	939.451	0.507
0.577	0.164	-20.311	1.982	-1.892	937.014	0.508
0.578	0.164	-20.323	1.933	-1.892	934.577	0.510
0.580	0.164	-20.317	1.892	-1.892	934.577	0.509
0.581	0.164	-20.323	1.851	-1.884	932.140	0.509
0.583	0.158	-20.304	1.818	-1.900	932.140	0.510
0.584	0.158	-20.317	1.753	-1.884	929.703	0.509
0.586	0.152	-20.311	1.720	-1.892	929.703	0.510
0.587	0.164	-20.317	1.704	-1.892	927.266	0.508
0.589	0.152	-20.317	1.655	-1.900	921.174	0.511
0.591	0.152	-20.304	1.630	-1.892	923.611	0.510
0.592	0.152	-20.317	1.597	-1.900	928.485	0.509
0.594	0.152	-20.304	1.573	-1.892	932.140	0.508
0.595	0.152	-20.317	1.532	-1.892	939.451	0.509
0.597	0.152	-20.292	1.507	-1.884	946.762	0.511
0.598	0.152	-20.317	1.483	-1.892	943.106	0.510
0.600	0.152	-20.298	1.458	-1.892	944.325	0.511
0.601	0.152	-20.317	1.425	-1.892	943.106	0.510
0.603	0.140	-20.292	1.409	-1.900	941.888	0.510
0.604	4.767	-20.304	1.401	-1.892	944.325	0.511
0.606	0.274	-20.286	1.360	-1.900	938.232	0.513
0.608	0.104	-20.311	1.327	-1.892	934.577	0.508
0.609	0.128	-20.298	1.319	-1.900	933.358	0.508
0.611	0.134	-20.317	1.294	-1.908	933.358	0.508
0.612	0.140	-20.304	1.286	-1.892	933.358	0.508
0.614	0.146	-20.317	1.278	-1.900	929.703	0.509
0.615	0.140	-20.304	1.253	-1.892	927.266	0.509
0.617	0.146	-20.317	1.229	-1.892	928.485	0.509
0.618	0.146	-20.323	1.212	-1.884	927.266	0.508
0.620	0.146	-20.329	1.204	-1.892	923.611	0.510
0.622	0.146	-20.329	1.188	-1.900	930.922	0.508
0.623	0.146	-20.317	1.179	-1.900	926.048	0.509
0.625	0.146	-20.341	1.163	-1.892	930.922	0.507
0.626	0.146	-20.317	1.155	-1.884	934.577	0.508
0.628	0.140	-20.353	1.130	-1.900	941.888	0.509
0.629	0.140	-20.341	1.106	-1.892	945.543	0.508
0.631	0.140	-20.341	1.098	-1.900	946.762	0.509
0.632	0.128	-20.323	1.098	-1.900	941.888	0.509
0.634	0.146	-20.335	1.089	-1.892	943.106	0.509
0.635	0.140	-20.317	1.081	-1.892	939.451	0.508
0.637	0.134	-20.335	1.065	-1.900	939.451	0.508
0.639	0.140	-20.329	1.057	-1.892	935.795	0.509
0.640	0.134	-20.347	1.048	-1.892	935.795	0.508
0.642	0.128	-20.329	1.024	-1.892	933.358	0.507
0.643	0.140	-20.335	1.032	-1.900	933.358	0.508
0.645	0.134	-20.335	1.032	-1.892	933.358	0.508
0.646	0.128	-20.347	1.007	-1.900	930.922	0.509
0.648	0.128	-20.341	1.007	-1.908	929.703	0.509
0.649	0.134	-20.365	0.983	-1.908	927.266	0.507
0.651	0.128	-20.365	0.983	-1.900	926.048	0.508
0.653	0.128	-20.359	0.967	-1.892	923.611	0.509
0.654	-38.448	-20.359	0.983	-1.900	916.300	0.499
0.656	-49.023	-20.359	1.098	-1.900	928.485	0.504
0.657	-49.553	-20.371	1.171	-1.908	934.577	0.508
0.659	-49.595	-20.365	1.270	-1.892	941.888	0.509
0.660	-49.607	-20.378	1.335	-1.900	945.543	0.509
0.662	-49.601	-20.347	1.417	-1.900	944.325	0.509
0.663	-49.620	-20.371	1.483	-1.900	941.888	0.508
0.665	-49.607	-20.365	1.524	-1.908	940.669	0.508
0.666	-49.607	-20.384	1.597	-1.900	940.669	0.508
0.668	-49.607	-20.365	1.663	-1.900	937.014	0.509
0.670	-49.601	-20.402	1.712	-1.900	937.014	0.507
0.671	-49.595	-20.378	1.761	-1.900	933.358	0.507
0.673	-49.589	-20.396	1.818	-1.900	935.795	0.507
0.674	-49.595	-20.378	1.859	-1.908	932.140	0.507
0.676	-49.589	-20.408	1.917	-1.900	932.140	0.507
0.677	-49.595	-20.390	1.941	-1.900	929.703	0.507
0.679	-49.589	-20.414	1.999	-1.900	927.266	0.507
0.680	-49.583	-20.402	2.040	-1.908	926.048	0.504
0.682	-49.577	-20.414	2.080	-1.900	926.048	0.507
0.684	-49.540	-20.408	2.130	-1.900	923.611	0.507
0.685	-49.559	-20.414	2.187	-1.900	924.829	0.507
0.687	-49.565	-20.420	2.220	-1.908	928.485	0.508
0.688	-49.571	-20.420	2.261	-1.900	934.577	0.507
0.690	-49.577	-20.432	2.293	-1.900	939.451	0.508
0.691	-49.565	-20.432	2.326	-1.892	943.106	0.508
0.693	-49.559	-20.438	2.351	-1.892	946.762	0.507
0.694	-49.553	-20.414	2.384	-1.900	944.325	0.507
0.696	-49.559	-20.432	2.425	-1.908	943.106	0.508
0.697	-49.559	-20.408	2.449	-1.908	941.888	0.507
0.699	-49.559	-20.444	2.482	-1.892	938.232	0.505
0.701	-49.553	-20.414	2.523	-1.900	939.451	0.508
0.702	-49.553	-20.451	2.531	-1.900	935.795	0.507
0.704	-49.547	-20.420	2.556	-1.900	935.795	0.508
0.705	-49.540	-20.457	2.580	-1.900	933.358	0.507
0.707	-49.540	-20.426	2.605	-1.900	932.140	0.507
0.708	-49.534	-20.451	2.621	-1.900	932.140	0.507
0.710	-49.540	-20.432	2.662	-1.892	930.922	0.507
0.711	-49.534	-20.457	2.687	-1.900	929.703	0.508
0.713	-49.534	-20.444	2.695	-1.908	927.266	0.505
0.715	-49.534	-20.469	2.719	-1.900	921.174	0.508
0.716	-49.528	-20.463	2.736	-1.900	923.611	0.507
0.718	-49.522	-20.481	2.760	-1.908	927.266	0.509
0.719	-49.516	-20.475	2.777	-1.908	933.358	0.508
0.721	-49.516	-20.475	2.801	-1.917	939.451	0.508
0.722	-49.522	-20.475	2.834	-1.900	941.888	0.508
0.724	-49.504	-20.475	2.842	-1.908	946.762	0.507
0.725	-49.510	-20.481	2.867	-1.900	945.543	0.505
0.727	-49.510	-20.475	2.891	-1.900	941.888	0.508
0.728	-49.504	-20.481	2.900	-1.900	940.669	0.507
0.730	-49.504	-20.463	2.924	-1.908	939.451	0.508
0.732	-49.504	-20.487	2.932	-1.892	938.232	0.509
0.733	-49.492	-20.475	2.957	-1.908	935.795	0.507
0.735	-49.486	-20.505	2.981	-1.908	934.577	0.507
0.736	-49.486	-20.487	2.998	-1.900	934.577	0.508
0.738	-49.480	-20.499	3.014	-1.908	932.140	0.507
0.739	-49.480	-20.481	3.031	-1.908	930.922	0.507
0.741	-49.486	-20.493	3.039	-1.900	928.485	0.507
0.742	-49.467	-20.487	3.047	-1.908	928.485	0.508
0.744	-49.473	-20.505	3.080	-1.892	927.266	0.507
0.746	-49.473	-20.499	3.113	-1.900	924.829	0.505
0.747	-49.467	-20.505	3.096	-1.908	930.922	0.507
0.749	-49.461	-20.499	3.129	-1.917	927.266	0.508
0.750	-49.467	-20.505	3.145	-1.900	929.703	0.507
0.752	-49.461	-20.505	3.162	-1.908	937.014	0.507
0.753	-49.461	-20.505	3.170	-1.908	941.888	0.507
0.755	-8.475	-20.518	3.162	-1.900	941.888	0.507
0.756	-0.219	-20.511	3.022	-1.900	941.888	0.505
0.758	0.170	-20.524	2.932	-1.908	944.325	0.507
0.759	0.183	-20.518	2.801	-1.900	944.325	0.509
0.761	0.183	-20.530	2.711	-1.908	940.669	0.508
0.763	0.177	-20.524	2.621	-1.900	938.232	0.507
0.764	0.177	-20.542	2.523	-1.900	937.014	0.508
0.766	0.177	-20.542	2.457	-1.900	934.577	0.508
0.767	0.170	-20.548	2.392	-1.900	935.795	0.509
0.769	0.170	-20.536	2.318	-1.900	934.577	0.508
0.770	0.170	-20.560	2.253	-1.900	929.703	0.509
0.772	0.177	-20.536	2.195	-1.908	930.922	0.509
0.773	0.164	-20.566	2.138	-1.900	929.703	0.508
0.775	0.170	-20.530	2.089	-1.900	928.485	0.510
0.777	0.164	-20.566	2.031	-1.917	926.048	0.509
0.778	0.164	-20.548	1.982	-1.900	923.611	0.511
0.780	0.164	-20.572	1.933	-1.892	927.266	0.510
0.781	0.158	-20.554	1.900	-1.900	929.703	0.508
0.783	0.158	-20.572	1.859	-1.900	935.795	0.509
0.784	0.152	-20.566	1.802	-1.908	941.888	0.510
0.786	0.158	-20.578	1.753	-1.900	945.543	0.510
0.787	0.152	-20.578	1.720	-1.908	943.106	0.510
0.789	0.152	-20.585	1.687	-1.908	943.106	0.511
0.790	0.158	-20.585	1.655	-1.900	940.669	0.509
0.792	0.164	-20.585	1.622	-1.900	941.888	0.509
0.794	0.146	-20.591	1.589	-1.900	939.451	0.510
0.795	0.158	-20.578	1.564	-1.908	939.451	0.509
0.797	0.152	-20.597	1.524	-1.908	935.795	0.509
0.798	0.158	-20.578	1.499	-1.900	935.795	0.509
0.800	0.152	-20.591	1.483	-1.908	932.140	0.509
0.801	0.152	-20.566	1.450	-1.908	930.922	0.509
0.803	0.146	-20.597	1.417	-1.908	930.922	0.508
0.804	0.152	-20.578	1.392	-1.908	927.266	0.509
0.806	3.769	-20.597	1.376	-1.908	928.485	0.505
0.808	0.225	-20.578	1.343	-1.900	927.266	0.510
0.809	0.110	-20.603	1.335	-1.908	922.392	0.509
0.811	0.134	-20.597	1.311	-1.900	924.829	0.509
0.812	0.146	-20.621	1.302	-1.908	928.485	0.508
0.814	0.140	-20.609	1.270	-1.917	934.577	0.508
0.815	0.134	-20.621	1.261	-1.908	939.451	0.508
0.817	0.152	-20.603	1.237	-1.900	945.543	0.509
0.818	0.146	-20.621	1.220	-1.900	945.543	0.508
0.820	0.146	-20.609	1.212	-1.908	943.106	0.509
0.821	0.152	-20.627	1.196	-1.900	943.106	0.507
0.823	0.152	-20.621	1.179	-1.908	939.451	0.508
0.825	0.140	-20.639	1.163	-1.900	940.669	0.509
0.826	0.134	-20.645	1.147	-1.900	941.888	0.508
0.828	0.140	-20.639	1.147	-1.908	935.795	0.508
0.829	0.140	-20.651	1.139	-1.900	934.577	0.508
0.831	0.140	-20.645	1.122	-1.908	935.795	0.509
0.832	0.140	-20.651	1.106	-1.917	932.140	0.508
0.834	0.134	-20.627	1.089	-1.908	932.140	0.509
0.835	0.140	-20.651	1.089	-1.917	928.485	0.508
0.837	0.140	-20.645	1.073	-1.917	929.703	0.509
0.839	0.140	-20.658	1.065	-1.908	929.703	0.509
0.840	0.140	-20.645	1.048	-1.892	921.174	0.508
0.842	0.140	-20.670	1.040	-1.900	923.611	0.508
0.843	0.134	-20.651	1.032	-1.908	926.048	0.509
0.845	0.134	-20.676	1.016	-1.900	933.358	0.509
0.846	0.140	-20.651	1.024	-1.900	939.451	0.508
0.848	0.140	-20.670	0.999	-1.900	946.762	0.508
0.849	0.134	-20.651	0.991	-1.917	945.543	0.507
0.851	0.128	-20.658	0.983	-1.900	944.325	0.509
0.852	0.128	-20.658	0.983	-1.900	943.106	0.505
0.854	0.128	-20.658	0.975	-1.908	941.888	0.508
0.856	-40.712	-20.658	0.975	-1.908	933.358	0.503
0.857	-49.145	-20.664	1.089	-1.908	934.577	0.503
0.859	-49.553	-20.670	1.171	-1.900	938.232	0.507
0.860	-49.595	-20.664	1.270	-1.900	934.577	0.507
0.862	-49.607	-20.670	1.343	-1.908	933.358	0.507
0.863	-49.614	-20.670	1.417	-1.900	930.922	0.507
0.865	-49.607	-20.676	1.483	-1.892	930.922	0.507
0.866	-49.601	-20.670	1.540	-1.900	929.703	0.508
0.868	-49.607	-20.688	1.589	-1.884	928.485	0.507
0.870	-49.607	-20.676	1.655	-1.917	928.485	0.508
0.871	-49.601	-20.688	1.720	-1.900	926.048	0.505
0.873	-49.601	-20.688	1.769	-1.900	932.140	0.507
0.874	-49.601	-20.658	1.810	-1.908	926.048	0.504
0.876	-49.595	-20.639	1.859	-1.884	930.922	0.505
0.877	-49.595	-20.664	1.917	-1.892	937.014	0.505
0.879	-49.595	-20.639	1.949	-1.900	940.669	0.505
0.880	-49.589	-20.651	1.990	-1.884	946.762	0.505
0.882	-49.589	-20.627	2.040	-1.892	944.325	0.505
0.883	-49.589	-20.645	2.089	-1.892	945.543	0.507
0.885	-49.553	-20.627	2.130	-1.900	939.451	0.505
0.887	-49.553	-20.633	2.179	-1.900	940.669	0.507
0.888	-49.559	-20.627	2.212	-1.900	939.451	0.507
0.890	-49.571	-20.633	2.253	-1.892	938.232	0.507
0.891	-49.565	-20.633	2.285	-1.900	935.795	0.504
0.893	-49.577	-20.651	2.318	-1.892	934.577	0.507
0.894	-49.565	-20.639	2.343	-1.900	934.577	0.505
0.896	-49.559	-20.651	2.392	-1.908	933.358	0.505
0.897	-49.565	-20.645	2.408	-1.892	928.485	0.505
0.899	-49.559	-20.645	2.441	-1.900	930.922	0.507
0.901	-49.553	-20.645	2.474	-1.908	929.703	0.507
0.902	-49.553	-20.639	2.498	-1.892	926.048	0.508
0.904	-49.553	-20.664	2.531	-1.892	922.392	0.508
0.905	-49.547	-20.639	2.547	-1.892	923.611	0.505
0.907	-49.547	-20.651	2.572	-1.892	932.140	0.507
0.908	-49.553	-20.645	2.605	-1.884	934.577	0.507
0.910	-49.547	-20.658	2.629	-1.900	941.888	0.508
0.911	-49.540	-20.633	2.654	-1.892	945.543	0.505
0.913	-49.540	-20.645	2.670	-1.892	945.543	0.508
0.914	-49.534	-20.627	2.703	-1.884	943.106	0.507
0.916	-49.534	-20.639	2.711	-1.900	940.669	0.507
0.918	-49.528	-20.621	2.744	-1.892	940.669	0.509
0.919	-49.528	-20.633	2.769	-1.900	938.232	0.508
0.921	-49.522	-20.621	2.777	-1.884	937.014	0.507
0.922	-49.516	-20.645	2.801	-1.884	934.577	0.507
0.924	-49.516	-20.633	2.826	-1.892	934.577	0.508
0.925	-49.516	-20.670	2.842	-1.892	933.358	0.507
0.927	-49.510	-20.651	2.875	-1.892	933.358	0.507
0.928	-49.510	-20.670	2.875	-1.892	930.922	0.508
0.930	-49.504	-20.670	2.900	-1.884	928.485	0.507
0.932	-49.498	-20.676	2.908	-1.892	927.266	0.505
0.933	-49.498	-20.682	2.932	-1.892	924.829	0.507
0.935	-49.492	-20.670	2.957	-1.900	923.611	0.504
0.936	-49.504	-20.682	2.957	-1.892	924.829	0.505
0.938	-49.492	-20.670	2.990	-1.900	928.485	0.508
0.939	-49.492	-20.676	3.006	-1.884	933.358	0.508
0.941	-49.486	-20.664	3.022	-1.900	939.451	0.507
0.942	-49.480	-20.682	3.039	-1.900	945.543	0.505
0.944	-49.486	-20.664	3.063	-1.900	946.762	0.505
0.945	-49.473	-20.682	3.072	-1.892	945.543	0.505
0.947	-49.480	-20.664	3.088	-1.892	943.106	0.505
0.949	-49.467	-20.688	3.096	-1.884	940.669	0.507
0.950	-49.473	-20.664	3.113	-1.900	939.451	0.505
0.952	-49.467	-20.694	3.129	-1.900	939.451	0.508
0.953	-49.467	-20.670	3.154	-1.892	937.014	0.507
0.955	-49.461	-20.676	3.162	-1.892	935.795	0.507
0.956	-6.667	-20.670	3.137	-1.900	933.358	0.511
0.958	-0.134	-20.682	3.022	-1.892	930.922	0.505
0.959	0.177	-20.682	2.908	-1.900	932.140	0.507
0.961	0.189	-20.682	2.793	-1.892	932.140	0.507
0.963	0.170	-20.676	2.711	-1.892	929.703	0.508
0.964	0.177	-20.700	2.621	-1.900	926.048	0.508
0.966	0.170	-20.688	2.523	-1.892	923.611	0.508
0.967	0.170	-20.700	2.457	-1.892	924.829	0.509
0.969	0.170	-20.706	2.375	-1.884	928.485	0.509
0.970	0.177	-20.706	2.318	-1.892	933.358	0.508
0.972	0.164	-20.712	2.244	-1.900	938.232	0.508
0.973	0.170	-20.712	2.179	-1.908	945.543	0.509
0.975	0.170	-20.718	2.130	-1.900	944.325	0.509
0.976	0.158	-20.706	2.072	-1.892	943.106	0.508
0.978	0.164	-20.718	2.015	-1.892	941.888	0.507
0.980	0.170	-20.706	1.974	-1.900	940.669	0.509
0.981	0.158	-20.725	1.933	-1.900	938.232	0.508
0.983	0.158	-20.712	1.884	-1.884	937.014	0.508
0.984	0.164	-20.731	1.843	-1.892	937.014	0.508
0.986	0.164	-20.700	1.802	-1.900	935.795	0.509
0.987	0.158	-20.725	1.761	-1.892	933.358	0.509
0.989	0.158	-20.706	1.728	-1.892	934.577	0.509
0.990	0.158	-20.731	1.687	-1.900	929.703	0.508
0.992	0.158	-20.712	1.655	-1.892	929.703	0.509
0.994	0.164	-20.737	1.614	-1.892	928.485	0.509
0.995	0.152	-20.718	1.573	-1.892	926.048	0.508
0.997	0.158	-20.743	1.556	-1.892	924.829	0.508
0.998	0.152	-20.718	1.532	-1.892	932.140	0.508
1.000	0.152	-20.743	1.499	-1.892	924.829	0.509
1.001	0.146	-20.737	1.483	-1.892	930.922	0.508
1.003	0.146	-20.731	1.450	-1.900	935.795	0.509
1.004	0.146	-20.743	1.433	-1.900	943.106	0.509
1.006	0.475	-20.718	1.401	-1.900	949.199	0.509
1.007	2.983	-20.731	1.376	-1.884	945.543	0.507
1.009	0.195	-20.725	1.352	-1.884	944.325	0.505
1.011	0.104	-20.749	1.335	-1.892	941.888	0.507
1.012	0.122	-20.737	1.311	-1.900	940.669	0.509
1.014	0.134	-20.749	1.286	-1.884	939.451	0.509
1.015	0.140	-20.731	1.278	-1.892	939.451	0.508
1.017	0.140	-20.743	1.253	-1.884	938.232	0.510
1.018	0.146	-20.737	1.245	-1.900	934.577	0.509
1.020	0.140	-20.749	1.229	-1.892	932.140	0.508
1.021	0.152	-20.731	1.212	-1.892	930.922	0.510
1.023	0.140	-20.755	1.196	-1.884	933.358	0.508
1.025	0.134	-20.743	1.196	-1.892	929.703	0.508
1.026	0.140	-20.767	1.171	-1.884	927.266	0.509
1.028	0.140	-20.755	1.155	-1.900	927.266	0.508
1.029	0.146	-20.761	1.130	-1.892	922.392	0.509
1.031	0.140	-20.755	1.122	-1.892	924.829	0.509
1.032	0.134	-20.761	1.122	-1.900	929.703	0.508
1.034	0.134	-20.761	1.106	-1.884	935.795	0.509
1.035	0.134	-20.749	1.089	-1.892	941.888	0.507
1.037	0.140	-20.761	1.065	-1.892	944.325	0.509
1.038	0.128	-20.761	1.065	-1.900	944.325	0.509
1.040	0.134	-20.761	1.065	-1.892	941.888	0.508
1.042	0.128	-20.761	1.048	-1.900	941.888	0.509
1.043	0.134	-20.767	1.040	-1.892	940.669	0.509
1.045	0.134	-20.761	1.024	-1.884	938.232	0.509
1.046	0.140	-20.779	1.016	-1.892	937.014	0.507
1.048	0.134	-20.761	1.007	-1.892	935.795	0.509
1.049	0.134	-20.779	0.999	-1.892	933.358	0.507
1.051	0.134	-20.761	0.999	-1.892	932.140	0.508
1.052	0.128	-20.779	0.991	-1.892	932.140	0.507
1.054	0.128	-20.761	0.967	-1.892	929.703	0.508
1.056	0.128	-20.773	0.975	-1.892	928.485	0.508
1.057	-42.484	-20.755	0.983	-1.900	924.829	0.508
1.059	-49.236	-20.779	1.089	-1.892	924.829	0.504
1.060	-49.559	-20.767	1.171	-1.892	924.829	0.508
