Time (ms)	Ch1 V	Ch2 V	Ch1 A	Ch2 A	RPM	Torque
0.000	12.524	9.297	0.369	0.991	465.461	-0.500
0.002	47.994	9.358	0.426	0.999	442.310	-0.507
0.003	49.693	9.413	0.475	0.999	454.494	-0.510
0.005	49.772	9.455	0.549	0.999	448.402	-0.509
0.006	49.760	9.492	0.590	0.999	448.402	-0.508
0.008	49.760	9.534	0.639	0.999	448.402	-0.508
0.009	49.747	9.565	0.696	0.991	449.620	-0.509
0.011	49.747	9.613	0.729	0.991	447.184	-0.509
0.012	49.741	9.638	0.795	0.991	445.965	-0.507
0.014	49.735	9.668	0.835	0.999	447.184	-0.507
0.015	49.729	9.693	0.868	0.991	444.747	-0.507
0.017	49.729	9.723	0.901	0.991	444.747	-0.509
0.019	49.735	9.741	0.958	0.991	441.091	-0.509
0.020	49.717	9.772	0.991	0.999	442.310	-0.507
0.022	49.717	9.790	1.032	0.991	443.528	-0.509
0.023	49.717	9.808	1.073	0.991	441.091	-0.510
0.025	49.711	9.833	1.114	1.007	439.873	-0.508
0.026	49.717	9.839	1.147	0.991	439.873	-0.507
0.028	49.705	9.857	1.179	0.991	438.654	-0.508
0.029	49.699	9.875	1.212	1.007	438.654	-0.510
0.031	49.693	9.887	1.245	0.999	437.436	-0.507
0.033	49.693	9.906	1.278	0.991	437.436	-0.509
0.034	49.687	9.912	1.311	1.007	434.999	-0.508
0.036	49.680	9.924	1.335	0.999	436.217	-0.509
0.037	49.680	9.930	1.376	0.999	436.217	-0.508
0.039	49.674	9.936	1.392	0.991	434.999	-0.509
0.040	49.668	9.954	1.433	0.991	433.780	-0.509
0.042	49.668	9.967	1.442	0.991	432.562	-0.508
0.043	49.668	9.967	1.474	0.983	428.906	-0.509
0.045	49.650	9.973	1.515	0.991	433.780	-0.510
0.046	49.656	9.979	1.532	0.991	438.654	-0.510
0.048	49.650	9.985	1.564	0.991	447.184	-0.509
0.050	49.650	9.979	1.589	0.991	452.057	-0.510
0.051	4.006	9.991	1.573	0.999	453.276	-0.513
0.053	0.122	9.997	1.491	0.991	459.368	-0.509
0.054	-0.091	9.997	1.425	0.991	456.931	-0.509
0.056	-0.122	10.009	1.360	0.999	455.713	-0.510
0.057	-0.122	10.003	1.302	0.991	456.931	-0.511
0.059	-0.128	10.003	1.253	0.991	453.276	-0.511
0.060	-0.134	9.991	1.220	0.991	453.276	-0.510
0.062	-0.128	9.967	1.204	0.991	450.839	-0.510
0.064	-0.128	9.954	1.155	0.999	453.276	-0.511
0.065	-0.128	9.930	1.114	0.991	452.057	-0.510
0.067	-0.134	9.887	1.081	0.983	449.620	-0.511
0.068	-0.134	9.857	1.057	0.983	448.402	-0.511
0.070	-0.116	9.833	1.016	0.983	449.620	-0.511
0.071	-0.122	9.790	0.999	0.991	449.620	-0.509
0.073	-0.128	9.753	0.967	0.975	447.184	-0.513
0.074	-0.134	9.723	0.942	0.975	447.184	-0.511
0.076	-0.122	9.662	0.901	0.983	447.184	-0.509
0.077	-0.122	9.613	0.876	0.983	444.747	-0.511
0.079	-0.122	9.571	0.860	0.975	444.747	-0.511
0.081	-0.128	9.528	0.844	0.991	442.310	-0.511
0.082	-0.122	9.467	0.819	0.999	443.528	-0.510
0.084	-0.116	9.419	0.795	0.991	443.528	-0.511
0.085	-0.122	9.382	0.795	0.983	442.310	-0.509
0.087	-0.122	9.327	0.762	0.983	442.310	-0.510
0.088	-0.116	9.279	0.745	0.983	439.873	-0.510
0.090	-0.116	9.236	0.745	0.991	438.654	-0.510
0.091	-0.110	9.199	0.713	0.983	439.873	-0.509
0.093	-0.110	9.145	0.704	0.991	438.654	-0.510
0.095	-0.116	9.114	0.704	0.991	437.436	-0.511
0.096	-0.116	9.059	0.688	0.991	437.436	-0.509
0.098	-0.116	9.035	0.688	0.999	437.436	-0.510
0.099	-0.116	9.005	0.672	0.991	436.217	-0.511
0.101	-0.116	8.962	0.639	0.999	436.217	-0.510
0.102	-0.122	8.919	0.647	1.007	434.999	-0.509
0.104	-0.116	8.913	0.639	0.991	433.780	-0.510
0.105	-0.122	8.889	0.623	0.991	431.343	-0.510
0.107	-0.110	8.858	0.606	0.991	433.780	-0.509
0.108	-0.110	8.834	0.614	0.991	431.343	-0.511
0.110	-0.104	8.816	0.614	0.999	431.343	-0.511
0.112	-0.116	8.798	0.606	0.991	430.125	-0.511
0.113	-0.116	8.798	0.590	0.983	434.999	-0.509
0.115	-0.110	8.779	0.582	0.999	437.436	-0.509
0.116	-0.104	8.828	0.582	0.991	448.402	-0.508
0.118	-0.110	8.907	0.565	0.991	453.276	-0.510
0.119	-0.104	8.974	0.565	0.999	456.931	-0.509
0.121	-0.110	9.035	0.573	1.007	458.150	-0.510
0.122	-0.110	9.114	0.565	0.991	455.713	-0.510
0.124	-0.110	9.163	0.557	0.999	456.931	-0.509
0.126	-0.110	9.230	0.557	0.999	455.713	-0.510
0.127	-5.017	9.279	0.549	0.999	466.679	-0.509
0.129	-0.463	9.333	0.549	0.999	454.494	-0.509
0.130	-0.164	9.388	0.541	0.991	452.057	-0.513
0.132	-0.116	9.413	0.532	1.007	450.839	-0.510
0.133	-0.110	9.455	0.524	0.991	453.276	-0.510
0.135	-0.097	9.504	0.532	0.999	449.620	-0.510
0.136	-0.104	9.546	0.508	0.999	449.620	-0.510
0.138	-0.097	9.571	0.532	1.007	449.620	-0.509
0.139	-0.091	9.601	0.516	1.007	448.402	-0.509
0.141	-0.091	9.632	0.508	0.999	448.402	-0.507
0.143	-0.091	9.650	0.500	0.991	447.184	-0.509
0.144	-0.097	9.680	0.508	0.991	445.965	-0.510
0.146	-0.091	9.717	0.508	0.999	445.965	-0.511
0.147	-0.091	9.729	0.500	1.007	445.965	-0.509
0.149	-0.085	9.741	0.483	0.983	443.528	-0.509
0.150	-0.091	9.778	0.475	0.999	443.528	-0.511
0.152	-0.085	9.790	0.475	0.991	442.310	-0.511
0.153	-0.091	9.808	0.475	0.991	442.310	-0.511
0.155	-0.097	9.820	0.459	0.991	443.528	-0.511
0.157	-0.085	9.833	0.459	0.983	439.873	-0.510
0.158	-0.085	9.851	0.442	0.991	441.091	-0.511
0.160	-0.091	9.863	0.442	0.991	438.654	-0.510
0.161	-0.085	9.875	0.451	0.991	438.654	-0.510
0.163	-0.085	9.881	0.434	0.991	438.654	-0.510
0.164	-0.091	9.893	0.434	0.983	437.436	-0.510
0.166	-0.085	9.906	0.434	0.991	436.217	-0.510
0.167	-0.091	9.918	0.434	0.991	437.436	-0.510
0.169	-0.091	9.918	0.434	0.999	436.217	-0.511
0.170	-0.085	9.930	0.434	0.991	434.999	-0.510
0.172	-0.091	9.936	0.434	0.991	436.217	-0.510
0.174	-0.085	9.930	0.418	0.991	433.780	-0.510
0.175	-0.085	9.954	0.410	0.999	433.780	-0.510
0.177	-0.085	9.948	0.410	0.991	427.688	-0.511
0.178	-0.085	9.954	0.410	0.991	431.343	-0.511
0.180	-0.091	9.960	0.418	0.999	438.654	-0.511
0.181	-0.073	9.967	0.401	0.991	447.184	-0.510
0.183	-0.091	9.960	0.401	0.991	453.276	-0.510
0.184	-0.085	9.967	0.385	0.991	456.931	-0.510
0.186	-0.085	9.960	0.385	0.991	456.931	-0.510
0.188	-0.085	9.967	0.385	0.983	455.713	-0.510
0.189	-0.079	9.954	0.385	0.991	454.494	-0.510
0.191	-0.079	9.942	0.369	0.983	454.494	-0.511
0.192	-0.085	9.930	0.377	0.983	453.276	-0.510
0.194	-0.079	9.887	0.360	0.975	453.276	-0.511
0.195	-0.073	9.881	0.360	0.975	452.057	-0.510
0.197	-0.079	9.845	0.369	0.983	452.057	-0.510
0.198	-0.079	9.808	0.369	0.983	453.276	-0.511
0.200	-0.085	9.766	0.369	0.991	448.402	-0.513
0.201	19.909	9.723	0.377	0.975	464.242	-0.507
0.203	48.359	9.699	0.418	0.983	448.402	-0.508
0.205	49.717	9.650	0.483	0.983	453.276	-0.513
0.206	49.772	9.601	0.541	0.983	445.965	-0.511
0.208	49.766	9.571	0.598	0.975	445.965	-0.511
0.209	49.760	9.522	0.647	0.975	445.965	-0.510
0.211	49.754	9.467	0.696	0.983	444.747	-0.513
0.212	49.754	9.413	0.737	0.991	447.184	-0.513
0.214	49.741	9.382	0.778	0.983	444.747	-0.510
0.215	49.741	9.327	0.827	0.983	442.310	-0.513
0.217	49.735	9.272	0.868	0.983	444.747	-0.510
0.219	49.729	9.236	0.917	0.983	442.310	-0.510
0.220	49.729	9.205	0.967	0.983	439.873	-0.511
0.222	49.729	9.163	0.991	0.983	442.310	-0.511
0.223	49.717	9.108	1.040	0.983	439.873	-0.510
0.225	49.711	9.059	1.065	0.991	439.873	-0.510
0.226	49.705	9.035	1.114	0.983	441.091	-0.510
0.228	49.693	9.011	1.163	0.991	438.654	-0.508
0.229	49.699	8.974	1.204	0.975	438.654	-0.509
0.231	49.711	8.944	1.204	0.983	436.217	-0.511
0.232	49.687	8.925	1.245	0.991	436.217	-0.511
0.234	49.693	8.901	1.261	0.983	436.217	-0.508
0.236	49.687	8.883	1.302	0.983	434.999	-0.509
0.237	49.699	8.858	1.335	0.991	434.999	-0.510
0.239	49.680	8.834	1.368	1.007	434.999	-0.508
0.240	49.680	8.828	1.401	0.991	433.780	-0.510
0.242	49.674	8.804	1.433	0.991	432.562	-0.510
0.243	49.668	8.798	1.458	0.991	431.343	-0.509
0.245	49.662	8.834	1.491	0.991	433.780	-0.508
0.246	49.668	8.907	1.507	0.991	434.999	-0.513
0.248	49.656	8.974	1.540	0.991	437.436	-0.510
0.250	49.656	9.041	1.564	0.999	444.747	-0.509
0.251	49.510	9.102	1.581	0.991	452.057	-0.509
0.253	3.166	9.157	1.556	0.991	450.839	-0.513
0.254	0.079	9.224	1.499	0.991	463.024	-0.509
0.256	-0.104	9.272	1.417	0.991	456.931	-0.510
0.257	-0.122	9.321	1.360	0.999	455.713	-0.510
0.259	-0.128	9.370	1.327	0.999	454.494	-0.509
0.260	-0.128	9.406	1.270	0.991	454.494	-0.509
0.262	-0.122	9.443	1.237	0.991	453.276	-0.509
0.263	-0.122	9.479	1.179	0.991	454.494	-0.510
0.265	-0.128	9.516	1.155	0.983	452.057	-0.511
0.267	-0.128	9.559	1.114	0.991	450.839	-0.508
0.268	-0.128	9.583	1.081	0.991	450.839	-0.509
0.270	-0.122	9.620	1.040	0.999	448.402	-0.510
0.271	-0.122	9.650	1.016	0.999	449.620	-0.509
0.273	-0.128	9.668	0.983	0.983	449.620	-0.509
0.274	-0.128	9.693	0.967	0.991	450.839	-0.510
0.276	-0.128	9.711	0.942	1.007	447.184	-0.509
0.277	-0.122	9.735	0.917	0.991	445.965	-0.509
0.279	-0.128	9.760	0.868	0.991	445.965	-0.508
0.281	-0.122	9.772	0.844	0.991	443.528	-0.509
0.282	-0.122	9.790	0.835	0.991	445.965	-0.510
0.284	-0.128	9.808	0.795	0.991	443.528	-0.510
0.285	-0.128	9.814	0.803	0.991	444.747	-0.508
0.287	-0.122	9.827	0.795	0.983	443.528	-0.511
0.288	-0.122	9.845	0.762	0.991	441.091	-0.510
0.290	-0.116	9.863	0.737	0.991	443.528	-0.510
0.291	-0.116	9.863	0.737	0.991	441.091	-0.510
0.293	-0.122	9.881	0.721	0.991	439.873	-0.509
0.294	-0.116	9.887	0.696	0.991	438.654	-0.513
0.296	-0.116	9.893	0.713	0.991	437.436	-0.511
0.298	-0.116	9.893	0.704	0.991	438.654	-0.510
0.299	-0.116	9.918	0.672	0.991	437.436	-0.509
0.301	-0.110	9.912	0.672	0.983	437.436	-0.511
0.302	-0.104	9.924	0.655	0.999	437.436	-0.513
0.304	-0.116	9.924	0.647	0.975	436.217	-0.511
0.305	-0.110	9.936	0.639	0.983	432.562	-0.513
0.307	-0.122	9.942	0.639	0.983	434.999	-0.510
0.308	-0.116	9.942	0.614	0.991	432.562	-0.513
0.310	-0.116	9.942	0.623	0.983	428.906	-0.511
0.312	-0.116	9.954	0.606	0.991	431.343	-0.511
0.313	-0.122	9.960	0.614	0.991	438.654	-0.510
0.315	-0.116	9.954	0.606	0.983	445.965	-0.510
0.316	-0.110	9.948	0.598	0.991	452.057	-0.511
0.318	-0.116	9.954	0.606	0.967	456.931	-0.510
0.319	-0.116	9.930	0.590	0.975	458.150	-0.514
0.321	-0.110	9.918	0.590	0.983	456.931	-0.511
0.322	-0.110	9.881	0.573	0.983	455.713	-0.514
0.324	-0.116	9.875	0.573	0.975	454.494	-0.513
0.325	-0.104	9.845	0.565	0.983	452.057	-0.514
0.327	-0.110	9.808	0.557	0.975	455.713	-0.510
0.329	-4.073	9.772	0.549	0.975	465.461	-0.513
0.330	-0.402	9.747	0.541	0.975	452.057	-0.513
0.332	-0.170	9.705	0.532	0.983	449.620	-0.514
0.333	-0.122	9.656	0.541	0.967	450.839	-0.514
0.335	-0.104	9.607	0.524	0.975	450.839	-0.511
0.336	-0.097	9.577	0.524	0.975	449.620	-0.511
0.338	-0.097	9.534	0.516	0.983	448.402	-0.513
0.339	-0.097	9.479	0.508	0.975	447.184	-0.514
0.341	-0.091	9.419	0.524	0.991	447.184	-0.514
0.343	-0.091	9.394	0.516	0.991	445.965	-0.511
0.344	-0.091	9.339	0.500	0.975	445.965	-0.513
0.346	-0.104	9.309	0.491	0.983	447.184	-0.514
0.347	-0.097	9.254	0.500	0.975	445.965	-0.513
0.349	-0.097	9.224	0.491	0.983	443.528	-0.511
0.350	-0.091	9.181	0.483	0.983	441.091	-0.513
0.352	-0.091	9.132	0.483	0.975	443.528	-0.513
0.353	-0.091	9.096	0.467	0.983	442.310	-0.513
0.355	-0.097	9.065	0.475	0.983	441.091	-0.511
0.356	-0.085	9.023	0.451	0.983	439.873	-0.513
0.358	-0.091	8.998	0.459	0.983	441.091	-0.511
0.360	-0.091	8.968	0.451	0.983	438.654	-0.513
0.361	-0.091	8.932	0.442	0.983	439.873	-0.511
0.363	-0.085	8.925	0.451	0.975	437.436	-0.511
0.364	-0.091	8.895	0.451	0.983	437.436	-0.514
0.366	-0.085	8.865	0.434	0.975	437.436	-0.513
0.367	-0.085	8.852	0.426	0.991	437.436	-0.513
0.369	-0.091	8.828	0.442	0.991	433.780	-0.513
0.370	-0.085	8.828	0.434	0.991	433.780	-0.510
0.372	-0.085	8.822	0.434	0.991	432.562	-0.514
0.374	-0.091	8.828	0.426	0.999	432.562	-0.513
0.375	-0.091	8.913	0.410	0.983	433.780	-0.511
0.377	-0.085	8.974	0.401	0.991	432.562	-0.511
0.378	-0.085	9.041	0.410	0.991	432.562	-0.511
0.380	-0.079	9.102	0.393	0.991	432.562	-0.511
0.381	-0.091	9.163	0.401	0.983	437.436	-0.513
0.383	-0.091	9.212	0.393	0.983	444.747	-0.513
0.384	-0.085	9.266	0.401	0.983	452.057	-0.510
0.386	-0.085	9.315	0.385	1.007	458.150	-0.510
0.387	-0.079	9.358	0.369	0.991	458.150	-0.511
0.389	-0.079	9.400	0.377	0.983	456.931	-0.511
0.391	-0.085	9.443	0.369	0.991	455.713	-0.510
0.392	-0.085	9.467	0.369	0.991	455.713	-0.511
0.394	-0.073	9.516	0.344	0.991	455.713	-0.509
0.395	-0.079	9.540	0.360	0.983	454.494	-0.510
0.397	-0.085	9.565	0.344	0.983	450.839	-0.510
0.398	-0.073	9.595	0.344	0.991	453.276	-0.513
0.400	-0.085	9.620	0.344	0.983	452.057	-0.511
0.401	-0.079	9.644	0.360	0.999	450.839	-0.510
0.403	26.149	9.668	0.352	0.991	458.150	-0.514
0.405	48.664	9.686	0.418	0.983	450.839	-0.507
0.406	49.723	9.723	0.475	0.999	452.057	-0.510
0.408	49.766	9.729	0.541	0.983	444.747	-0.511
0.409	49.766	9.747	0.590	0.983	445.965	-0.510
0.411	49.754	9.760	0.647	0.983	447.184	-0.510
0.412	49.754	9.790	0.680	0.991	445.965	-0.509
0.414	49.747	9.796	0.729	0.991	444.747	-0.510
0.415	49.741	9.808	0.786	0.991	443.528	-0.510
0.417	49.735	9.827	0.811	0.983	443.528	-0.511
0.418	49.729	9.827	0.868	0.975	443.528	-0.510
0.420	49.723	9.845	0.909	0.991	443.528	-0.509
0.422	49.729	9.857	0.942	0.991	443.528	-0.509
0.423	49.717	9.857	0.991	0.983	442.310	-0.510
0.425	49.717	9.863	1.024	0.983	439.873	-0.509
0.426	49.717	9.875	1.057	0.983	441.091	-0.511
0.428	49.711	9.881	1.098	0.983	439.873	-0.508
0.429	49.705	9.887	1.122	0.983	438.654	-0.511
0.431	49.705	9.887	1.171	0.975	437.436	-0.509
0.432	49.705	9.900	1.196	0.983	437.436	-0.509
0.434	49.693	9.893	1.229	0.983	436.217	-0.509
0.436	49.699	9.900	1.261	0.983	437.436	-0.508
0.437	49.687	9.912	1.294	0.983	434.999	-0.508
0.439	49.680	9.912	1.319	0.983	434.999	-0.509
0.440	49.680	9.918	1.352	0.975	434.999	-0.510
0.442	49.674	9.918	1.384	0.983	433.780	-0.509
0.443	49.668	9.924	1.417	0.975	428.906	-0.510
0.445	49.662	9.930	1.450	0.975	431.343	-0.509
0.446	49.662	9.924	1.474	0.991	439.873	-0.510
0.448	49.656	9.912	1.483	0.983	447.184	-0.511
0.449	49.662	9.900	1.515	0.983	452.057	-0.511
0.451	49.656	9.887	1.556	0.983	456.931	-0.510
0.453	47.440	9.845	1.573	0.983	450.839	-0.516
0.454	2.496	9.827	1.540	0.991	448.402	-0.510
0.456	0.037	9.808	1.458	0.983	458.150	-0.508
0.457	-0.104	9.766	1.392	0.983	454.494	-0.511
0.459	-0.122	9.741	1.327	0.975	453.276	-0.511
0.460	-0.116	9.711	1.278	0.983	454.494	-0.511
0.462	-0.134	9.668	1.237	0.983	452.057	-0.511
0.463	-0.128	9.626	1.204	0.967	452.057	-0.509
0.465	-0.128	9.577	1.179	0.967	452.057	-0.510
0.467	-0.128	9.546	1.139	0.975	450.839	-0.513
0.468	-0.128	9.492	1.106	0.967	450.839	-0.511
0.470	-0.134	9.455	1.073	0.975	449.620	-0.514
0.471	-0.128	9.400	1.040	0.975	448.402	-0.511
0.473	-0.128	9.370	1.007	0.983	448.402	-0.511
0.474	-0.122	9.327	0.975	0.983	447.184	-0.513
0.476	-0.128	9.285	0.950	0.975	445.965	-0.513
0.477	-0.116	9.254	0.926	0.975	445.965	-0.514
0.479	-0.122	9.212	0.901	0.983	445.965	-0.510
0.480	-0.122	9.163	0.860	0.983	444.747	-0.511
0.482	-0.122	9.126	0.835	0.991	443.528	-0.511
0.484	-0.122	9.084	0.819	0.975	442.310	-0.511
0.485	-0.116	9.065	0.811	0.983	442.310	-0.511
0.487	-0.128	9.023	0.803	0.967	441.091	-0.511
0.488	-0.122	8.992	0.778	0.983	439.873	-0.510
0.490	-0.116	8.956	0.745	0.983	439.873	-0.510
0.491	-0.116	8.932	0.737	0.975	439.873	-0.511
0.493	-0.116	8.919	0.721	0.983	437.436	-0.509
0.494	-0.122	8.901	0.713	0.975	438.654	-0.513
0.496	-0.116	8.877	0.704	0.975	436.217	-0.511
0.498	-0.122	8.858	0.680	0.991	436.217	-0.511
0.499	-0.122	8.840	0.688	0.991	434.999	-0.510
0.501	-0.116	8.834	0.680	0.983	434.999	-0.511
0.502	-0.116	8.846	0.663	0.983	436.217	-0.510
0.504	-0.116	8.907	0.655	0.983	434.999	-0.513
0.505	-0.122	8.968	0.639	0.991	434.999	-0.511
0.507	-0.116	9.035	0.631	0.983	434.999	-0.511
0.508	-0.116	9.096	0.614	0.999	433.780	-0.511
0.510	-0.104	9.157	0.614	0.983	431.343	-0.510
0.511	-0.116	9.205	0.598	0.999	432.562	-0.513
0.513	-0.116	9.254	0.623	0.983	433.780	-0.511
0.515	-0.116	9.297	0.598	0.991	437.436	-0.509
0.516	-0.110	9.339	0.590	0.983	447.184	-0.510
0.518	-0.104	9.376	0.582	0.975	452.057	-0.510
0.519	-0.104	9.413	0.582	0.991	456.931	-0.508
0.521	-0.116	9.449	0.582	0.991	458.150	-0.511
0.522	-0.110	9.479	0.573	0.991	455.713	-0.509
0.524	-0.110	9.516	0.573	0.983	456.931	-0.509
0.525	-0.116	9.546	0.573	0.983	458.150	-0.510
0.527	-0.110	9.571	0.573	0.991	455.713	-0.509
0.529	-0.396	9.607	0.565	0.983	452.057	-0.509
0.530	-3.300	9.638	0.541	0.983	466.679	-0.509
0.532	-0.365	9.650	0.541	0.983	449.620	-0.511
0.533	-0.146	9.674	0.541	0.983	448.402	-0.509
0.535	-0.128	9.680	0.532	0.975	452.057	-0.509
0.536	-0.091	9.711	0.532	0.983	452.057	-0.509
0.538	-0.085	9.717	0.516	0.983	450.839	-0.509
0.539	-0.110	9.735	0.524	0.975	448.402	-0.510
0.541	-0.097	9.747	0.524	0.991	445.965	-0.510
0.542	-0.091	9.766	0.524	0.983	447.184	-0.510
0.544	-0.097	9.784	0.500	0.983	448.402	-0.509
0.546	-0.097	9.790	0.483	0.983	447.184	-0.510
0.547	-0.091	9.802	0.491	0.975	447.184	-0.509
0.549	-0.097	9.814	0.491	0.975	445.965	-0.510
0.550	-0.091	9.814	0.500	0.983	444.747	-0.510
0.552	-0.091	9.820	0.491	0.983	442.310	-0.510
0.553	-0.091	9.839	0.491	0.983	444.747	-0.511
0.555	-0.097	9.833	0.475	0.967	443.528	-0.510
0.556	-0.091	9.845	0.475	0.983	439.873	-0.511
0.558	-0.091	9.857	0.467	0.975	442.310	-0.511
0.560	-0.085	9.863	0.475	0.975	439.873	-0.510
0.561	-0.097	9.863	0.483	0.991	438.654	-0.509
0.563	-0.085	9.869	0.451	0.983	438.654	-0.510
0.564	-0.097	9.875	0.442	0.983	438.654	-0.511
0.566	-0.085	9.887	0.451	0.983	436.217	-0.511
0.567	-0.085	9.881	0.442	0.983	436.217	-0.510
0.569	-0.091	9.887	0.442	0.983	437.436	-0.513
0.570	-0.085	9.893	0.442	0.975	433.780	-0.510
0.572	-0.079	9.893	0.434	0.983	434.999	-0.510
0.573	-0.091	9.893	0.418	0.958	433.780	-0.510
0.575	-0.085	9.893	0.426	0.967	432.562	-0.510
0.577	-0.085	9.887	0.410	0.983	430.125	-0.510
0.578	-0.079	9.887	0.426	0.991	432.562	-0.511
0.580	-0.091	9.869	0.418	0.983	438.654	-0.513
0.581	-0.085	9.851	0.418	0.983	445.965	-0.511
0.583	-0.085	9.833	0.401	0.975	450.839	-0.510
0.584	-0.079	9.814	0.401	0.983	459.368	-0.510
0.586	-0.079	9.778	0.385	0.975	458.150	-0.511
0.587	-0.079	9.747	0.401	0.975	455.713	-0.513
0.589	-0.085	9.717	0.385	0.975	455.713	-0.510
0.591	-0.079	9.693	0.385	0.983	454.494	-0.510
0.592	-0.079	9.644	0.385	0.975	453.276	-0.510
0.594	-0.085	9.601	0.385	0.975	454.494	-0.511
0.595	-0.091	9.565	0.385	0.967	450.839	-0.511
0.597	-0.085	9.528	0.369	0.967	452.057	-0.514
0.598	-0.073	9.492	0.369	0.967	452.057	-0.511
0.600	-0.079	9.443	0.360	0.983	450.839	-0.511
0.601	-0.085	9.394	0.360	0.983	450.839	-0.513
0.603	-0.085	9.358	0.369	0.967	452.057	-0.513
0.604	31.129	9.309	0.360	0.983	453.276	-0.518
0.606	48.907	9.272	0.442	0.975	448.402	-0.509
0.608	49.741	9.236	0.483	0.975	448.402	-0.511
0.609	49.766	9.199	0.573	0.983	444.747	-0.513
0.611	49.760	9.163	0.614	0.975	444.747	-0.513
0.612	49.754	9.120	0.655	0.983	445.965	-0.511
0.614	49.747	9.078	0.704	0.991	443.528	-0.513
0.615	49.754	9.059	0.745	0.967	442.310	-0.511
0.617	49.741	9.029	0.786	0.975	443.528	-0.513
0.618	49.735	8.986	0.835	0.975	442.310	-0.513
0.620	49.735	8.962	0.885	0.975	439.873	-0.513
0.622	49.735	8.944	0.926	0.983	439.873	-0.510
0.623	49.729	8.925	0.967	0.975	441.091	-0.511
0.625	49.717	8.901	0.999	0.975	438.654	-0.511
0.626	49.711	8.883	1.048	0.991	439.873	-0.511
0.628	49.711	8.852	1.073	0.975	438.654	-0.510
0.629	49.711	8.858	1.122	0.983	436.217	-0.513
0.631	49.711	8.846	1.147	0.983	434.999	-0.511
0.632	49.699	8.895	1.188	0.975	434.999	-0.511
0.634	49.699	8.962	1.220	0.991	437.436	-0.511
0.635	49.699	9.017	1.245	0.991	434.999	-0.511
0.637	49.680	9.084	1.286	0.983	434.999	-0.510
0.639	49.687	9.132	1.319	0.983	433.780	-0.510
0.640	49.687	9.187	1.352	0.983	434.999	-0.511
0.642	49.680	9.230	1.360	0.983	431.343	-0.511
0.643	49.668	9.285	1.401	0.991	433.780	-0.510
0.645	49.674	9.321	1.433	0.983	431.343	-0.510
0.646	49.662	9.370	1.450	0.991	433.780	-0.510
0.648	49.656	9.406	1.483	0.991	438.654	-0.510
0.649	49.650	9.443	1.499	0.983	444.747	-0.510
0.651	49.656	9.461	1.532	0.991	450.839	-0.510
0.653	49.650	9.510	1.556	0.983	456.931	-0.511
0.654	41.133	9.516	1.605	0.991	456.931	-0.508
0.656	1.967	9.546	1.548	0.975	449.620	-0.509
0.657	0.018	9.577	1.466	0.975	459.368	-0.509
0.659	-0.104	9.620	1.409	0.983	454.494	-0.511
0.660	-0.128	9.632	1.352	0.983	453.276	-0.510
0.662	-0.122	9.656	1.311	0.983	453.276	-0.510
0.663	-0.128	9.662	1.253	0.991	454.494	-0.511
0.665	-0.128	9.686	1.229	0.983	450.839	-0.509
0.666	-0.128	9.711	1.171	0.983	452.057	-0.509
0.668	-0.116	9.717	1.130	0.991	450.839	-0.508
0.670	-0.128	9.741	1.106	0.975	450.839	-0.510
0.671	-0.134	9.753	1.073	0.975	448.402	-0.509
0.673	-0.128	9.766	1.040	0.991	449.620	-0.510
0.674	-0.128	9.772	0.999	0.991	449.620	-0.509
0.676	-0.128	9.802	0.983	0.983	447.184	-0.511
0.677	-0.116	9.802	0.958	0.983	447.184	-0.510
0.679	-0.116	9.808	0.909	0.983	448.402	-0.510
0.680	-0.122	9.814	0.901	0.975	443.528	-0.510
0.682	-0.128	9.820	0.868	0.983	445.965	-0.511
0.684	-0.116	9.827	0.835	0.975	443.528	-0.510
0.685	-0.116	9.833	0.819	0.975	443.528	-0.511
0.687	-0.116	9.845	0.811	0.975	442.310	-0.510
0.688	-0.116	9.845	0.786	0.983	442.310	-0.510
0.690	-0.122	9.845	0.786	0.975	442.310	-0.510
0.691	-0.122	9.857	0.754	0.983	441.091	-0.510
0.693	-0.116	9.863	0.745	0.983	439.873	-0.510
0.694	-0.122	9.863	0.737	0.975	439.873	-0.510
0.696	-0.116	9.869	0.713	0.983	437.436	-0.510
0.697	-0.110	9.875	0.688	0.975	437.436	-0.513
0.699	-0.116	9.869	0.688	0.983	438.654	-0.510
0.701	-0.116	9.881	0.680	0.975	436.217	-0.511
0.702	-0.110	9.881	0.672	0.975	437.436	-0.511
0.704	-0.116	9.881	0.655	0.975	434.999	-0.513
0.705	-0.104	9.881	0.655	0.967	436.217	-0.510
0.707	-0.110	9.875	0.655	0.967	433.780	-0.510
0.708	-0.116	9.857	0.639	0.983	433.780	-0.510
0.710	-0.110	9.857	0.631	0.975	431.343	-0.511
0.711	-0.122	9.833	0.614	0.967	431.343	-0.510
0.713	-0.122	9.802	0.606	0.967	438.654	-0.511
0.715	-0.110	9.778	0.598	0.975	445.965	-0.514
0.716	-0.110	9.760	0.598	0.975	452.057	-0.511
0.718	-0.116	9.723	0.598	0.983	458.150	-0.511
0.719	-0.110	9.686	0.590	0.967	458.150	-0.513
0.721	-0.104	9.656	0.598	0.967	455.713	-0.513
0.722	-0.116	9.607	0.590	0.975	454.494	-0.513
0.724	-0.104	9.571	0.582	0.983	452.057	-0.510
0.725	-0.110	9.534	0.582	0.975	454.494	-0.510
0.727	-0.110	9.492	0.573	0.975	453.276	-0.513
0.728	-0.110	9.449	0.557	0.967	452.057	-0.513
0.730	-3.440	9.437	0.565	0.983	444.747	-0.515
0.732	-2.691	9.382	0.549	0.983	467.898	-0.513
0.733	-0.317	9.339	0.541	0.967	447.184	-0.514
0.735	-0.152	9.285	0.532	0.975	445.965	-0.513
0.736	-0.116	9.248	0.524	0.967	450.839	-0.511
0.738	-0.104	9.218	0.532	0.967	448.402	-0.510
0.739	-0.104	9.175	0.524	0.983	448.402	-0.513
0.741	-0.104	9.139	0.516	0.975	449.620	-0.514
0.742	-0.097	9.108	0.532	0.983	445.965	-0.513
0.744	-0.091	9.078	0.516	0.975	444.747	-0.511
0.746	-0.104	9.047	0.508	0.975	447.184	-0.511
0.747	-0.091	9.011	0.508	0.975	444.747	-0.511
0.749	-0.091	8.986	0.500	0.975	442.310	-0.513
0.750	-0.091	8.950	0.500	0.975	443.528	-0.513
0.752	-0.104	8.950	0.483	0.983	444.747	-0.513
0.753	-0.097	8.913	0.483	0.983	441.091	-0.511
0.755	-0.091	8.901	0.475	0.983	439.873	-0.511
0.756	-0.085	8.883	0.491	0.983	439.873	-0.511
0.758	-0.097	8.865	0.483	0.983	439.873	-0.513
0.759	-0.097	8.858	0.467	0.991	439.873	-0.513
0.761	-0.097	8.895	0.459	0.975	438.654	-0.511
0.763	-0.097	8.944	0.459	0.983	437.436	-0.511
0.764	-0.079	9.011	0.467	0.983	436.217	-0.513
0.766	-0.085	9.078	0.451	0.991	436.217	-0.511
0.767	-0.091	9.120	0.459	0.983	434.999	-0.513
0.769	-0.091	9.181	0.434	0.983	436.217	-0.513
0.770	-0.085	9.230	0.434	0.991	436.217	-0.513
0.772	-0.091	9.266	0.442	0.983	433.780	-0.511
0.773	-0.085	9.315	0.418	0.991	433.780	-0.511
0.775	-0.091	9.346	0.426	0.991	432.562	-0.509
0.777	-0.091	9.382	0.426	0.983	431.343	-0.511
0.778	-0.079	9.425	0.418	0.983	431.343	-0.511
0.780	-0.091	9.449	0.418	0.983	436.217	-0.510
0.781	-0.091	9.486	0.418	0.991	437.436	-0.510
0.783	-0.091	9.516	0.401	0.975	445.965	-0.510
0.784	-0.079	9.546	0.385	0.975	452.057	-0.509
0.786	-0.085	9.571	0.393	0.975	456.931	-0.511
0.787	-0.079	9.589	0.401	0.975	458.150	-0.510
0.789	-0.079	9.613	0.385	0.983	459.368	-0.510
0.790	-0.079	9.638	0.385	0.975	455.713	-0.510
0.792	-0.079	9.650	0.377	0.983	455.713	-0.509
0.794	-0.091	9.668	0.385	0.983	454.494	-0.510
0.795	-0.085	9.686	0.377	0.983	453.276	-0.510
0.797	-0.085	9.705	0.369	0.975	454.494	-0.510
0.798	-0.079	9.717	0.360	0.983	453.276	-0.510
0.800	-0.079	9.729	0.369	0.983	452.057	-0.510
0.801	-0.079	9.747	0.369	0.983	450.839	-0.510
0.803	-0.073	9.753	0.369	0.983	450.839	-0.509
0.804	-0.091	9.772	0.369	0.983	449.620	-0.510
0.806	35.050	9.778	0.360	0.975	447.184	-0.516
0.808	49.084	9.790	0.451	0.983	447.184	-0.511
0.809	49.754	9.796	0.500	0.983	448.402	-0.509
0.811	49.772	9.802	0.557	0.975	443.528	-0.510
0.812	49.760	9.808	0.614	0.983	447.184	-0.508
0.814	49.754	9.820	0.663	0.975	448.402	-0.509
0.815	49.754	9.814	0.704	0.975	445.965	-0.509
0.817	49.754	9.820	0.754	0.983	445.965	-0.509
0.818	49.741	9.839	0.795	0.983	443.528	-0.510
0.820	49.747	9.839	0.835	0.975	443.528	-0.509
0.821	49.729	9.845	0.893	0.967	442.310	-0.510
0.823	49.729	9.845	0.917	0.975	442.310	-0.509
0.825	49.729	9.857	0.950	0.975	441.091	-0.509
0.826	49.723	9.857	0.999	0.967	441.091	-0.510
0.828	49.723	9.863	1.057	0.975	441.091	-0.509
0.829	49.717	9.857	1.073	0.975	439.873	-0.509
0.831	49.711	9.863	1.114	0.983	439.873	-0.511
0.832	49.705	9.869	1.139	0.967	437.436	-0.510
0.834	49.699	9.863	1.196	0.967	437.436	-0.510
0.835	49.699	9.869	1.196	0.983	436.217	-0.509
0.837	49.693	9.863	1.245	0.958	434.999	-0.511
0.839	49.687	9.839	1.270	0.975	434.999	-0.511
0.840	49.680	9.827	1.302	0.975	434.999	-0.510
0.842	49.680	9.814	1.352	0.967	432.562	-0.509
0.843	49.674	9.784	1.368	0.967	431.343	-0.510
0.845	49.674	9.760	1.392	0.983	432.562	-0.511
0.846	49.674	9.735	1.425	0.967	437.436	-0.510
0.848	49.674	9.699	1.450	0.975	444.747	-0.511
0.849	49.668	9.662	1.483	0.975	450.839	-0.513
0.851	49.662	9.632	1.491	0.975	458.150	-0.511
0.852	49.662	9.589	1.524	0.983	459.368	-0.511
0.854	49.650	9.553	1.556	0.967	456.931	-0.510
0.856	33.321	9.510	1.573	0.983	466.679	-0.503
0.857	1.559	9.473	1.524	0.967	452.057	-0.510
0.859	-0.012	9.443	1.450	0.975	458.150	-0.511
0.860	-0.097	9.394	1.409	0.975	455.713	-0.514
0.862	-0.116	9.358	1.360	0.975	452.057	-0.513
0.863	-0.128	9.315	1.302	0.967	450.839	-0.511
0.865	-0.128	9.285	1.261	0.975	452.057	-0.510
0.866	-0.128	9.236	1.212	0.983	452.057	-0.511
0.868	-0.128	9.212	1.171	0.975	449.620	-0.511
0.870	-0.128	9.169	1.130	0.975	450.839	-0.513
0.871	-0.128	9.132	1.098	0.975	448.402	-0.511
0.873	-0.134	9.096	1.048	0.983	448.402	-0.511
0.874	-0.122	9.078	1.024	0.975	448.402	-0.513
0.876	-0.128	9.053	1.007	0.983	447.184	-0.510
0.877	-0.134	9.011	0.967	0.975	443.528	-0.510
0.879	-0.122	8.980	0.942	0.983	445.965	-0.513
0.880	-0.122	8.968	0.926	0.975	443.528	-0.513
0.882	-0.122	8.950	0.893	0.983	444.747	-0.510
0.883	-0.122	8.932	0.876	0.983	444.747	-0.511
0.885	-0.110	8.907	0.844	0.975	441.091	-0.509
0.887	-0.122	8.889	0.827	0.975	442.310	-0.511
0.888	-0.122	8.889	0.803	0.975	443.528	-0.510
0.890	-0.116	8.883	0.778	0.975	439.873	-0.513
0.891	-0.110	8.938	0.778	0.975	441.091	-0.511
0.893	-0.116	9.005	0.762	0.983	438.654	-0.510
0.894	-0.116	9.065	0.737	0.975	438.654	-0.509
0.896	-0.122	9.120	0.729	0.975	437.436	-0.510
0.897	-0.116	9.169	0.721	0.983	437.436	-0.510
0.899	-0.116	9.224	0.713	0.983	437.436	-0.510
0.901	-0.122	9.272	0.696	0.975	434.999	-0.513
0.902	-0.122	9.303	0.688	0.975	434.999	-0.510
0.904	-0.116	9.352	0.680	0.983	434.999	-0.510
0.905	-0.122	9.394	0.663	0.983	433.780	-0.511
0.907	-0.116	9.425	0.655	0.975	434.999	-0.511
0.908	-0.116	9.455	0.639	0.991	433.780	-0.510
0.910	-0.116	9.492	0.631	0.967	433.780	-0.513
0.911	-0.116	9.510	0.631	0.983	431.343	-0.511
0.913	-0.110	9.540	0.623	0.991	436.217	-0.513
0.914	-0.116	9.571	0.606	0.991	436.217	-0.511
0.916	-0.104	9.601	0.606	0.991	442.310	-0.509
0.918	-0.116	9.620	0.590	0.975	449.620	-0.513
0.919	-0.110	9.638	0.573	0.983	455.713	-0.511
0.921	-0.116	9.662	0.573	0.975	459.368	-0.509
0.922	-0.110	9.686	0.565	0.975	458.150	-0.509
0.924	-0.116	9.699	0.573	0.991	456.931	-0.510
0.925	-0.116	9.717	0.565	0.983	455.713	-0.510
0.927	-0.110	9.729	0.573	0.975	455.713	-0.508
0.928	-0.110	9.747	0.565	0.975	453.276	-0.510
0.930	-0.110	9.760	0.549	0.983	455.713	-0.509
0.932	-10.423	9.790	0.532	0.999	443.528	-0.514
0.933	-2.180	9.796	0.532	0.975	467.898	-0.510
0.935	-0.286	9.796	0.524	0.983	444.747	-0.514
0.936	-0.152	9.802	0.532	0.967	447.184	-0.509
0.938	-0.116	9.808	0.516	0.983	452.057	-0.508
0.939	-0.104	9.814	0.508	0.975	448.402	-0.510
0.941	-0.097	9.827	0.524	0.975	448.402	-0.509
0.942	-0.097	9.833	0.508	0.983	449.620	-0.509
0.944	-0.091	9.839	0.508	0.975	447.184	-0.509
0.945	-0.104	9.839	0.508	0.983	447.184	-0.509
0.947	-0.091	9.845	0.508	0.967	445.965	-0.509
0.949	-0.091	9.857	0.483	0.967	445.965	-0.510
0.950	-0.097	9.857	0.483	0.975	444.747	-0.509
0.952	-0.091	9.869	0.475	0.983	444.747	-0.509
0.953	-0.091	9.869	0.483	0.967	443.528	-0.509
0.955	-0.085	9.881	0.483	0.983	443.528	-0.510
0.956	-0.091	9.875	0.467	0.975	442.310	-0.510
0.958	-0.085	9.887	0.467	0.975	441.091	-0.510
0.959	-0.085	9.875	0.459	0.975	441.091	-0.510
0.961	-0.091	9.875	0.467	0.983	439.873	-0.510
0.963	-0.085	9.887	0.467	0.967	439.873	-0.510
0.964	-0.079	9.869	0.442	0.983	438.654	-0.511
0.966	-0.085	9.869	0.451	0.983	438.654	-0.509
0.967	-0.091	9.857	0.434	0.975	436.217	-0.510
0.969	-0.079	9.833	0.442	0.983	437.436	-0.510
0.970	-0.091	9.814	0.426	0.983	436.217	-0.510
0.972	-0.091	9.790	0.442	0.967	433.780	-0.510
0.973	-0.091	9.766	0.410	0.975	433.780	-0.511
0.975	-0.079	9.735	0.418	0.983	433.780	-0.510
0.976	-0.085	9.699	0.401	0.975	432.562	-0.509
0.978	-0.085	9.674	0.401	0.967	431.343	-0.510
0.980	-0.085	9.644	0.410	0.967	437.436	-0.510
0.981	-0.079	9.595	0.401	0.975	444.747	-0.510
0.983	-0.091	9.553	0.393	0.983	450.839	-0.511
0.984	-0.085	9.534	0.393	0.975	455.713	-0.511
0.986	-0.085	9.479	0.393	0.975	458.150	-0.510
0.987	-0.091	9.443	0.393	0.975	456.931	-0.513
0.989	-0.079	9.400	0.401	0.975	458.150	-0.510
0.990	-0.079	9.370	0.385	0.967	455.713	-0.510
0.992	-0.085	9.327	0.385	0.975	455.713	-0.510
0.994	-0.091	9.285	0.369	0.983	453.276	-0.511
0.995	-0.085	9.248	0.377	0.975	453.276	-0.511
0.997	-0.085	9.212	0.377	0.975	452.057	-0.513
0.998	-0.085	9.169	0.369	0.991	452.057	-0.510
1.000	-0.079	9.132	0.369	0.975	450.839	-0.513
1.001	-0.073	9.114	0.360	0.983	452.057	-0.510
1.003	-0.079	9.078	0.369	0.983	449.620	-0.511
1.004	-0.073	9.053	0.377	0.983	449.620	-0.511
1.006	-0.085	9.017	0.369	0.983	448.402	-0.511
1.007	38.107	8.992	0.385	0.983	442.310	-0.520
1.009	49.236	8.992	0.442	0.975	444.747	-0.514
1.011	49.760	8.962	0.508	0.983	439.873	-0.515
1.012	49.778	8.938	0.549	0.983	445.965	-0.511
1.014	49.760	8.932	0.606	0.983	444.747	-0.513
1.015	49.760	8.913	0.663	0.991	444.747	-0.511
1.017	49.747	8.907	0.696	0.983	443.528	-0.511
1.018	49.747	8.901	0.754	0.991	442.310	-0.513
1.020	49.741	8.962	0.786	0.975	442.310	-0.510
1.021	49.735	9.029	0.819	0.975	443.528	-0.510
1.023	49.729	9.090	0.885	0.975	441.091	-0.508
1.025	49.729	9.145	0.926	0.983	437.436	-0.514
1.026	49.723	9.205	0.975	0.983	437.436	-0.510
1.028	49.723	9.236	0.991	0.983	438.654	-0.510
1.029	49.717	9.285	1.040	0.983	437.436	-0.509
1.031	49.711	9.327	1.081	0.991	437.436	-0.511
1.032	49.711	9.370	1.114	0.983	434.999	-0.510
1.034	49.699	9.419	1.147	0.983	436.217	-0.509
1.035	49.699	9.455	1.171	0.983	434.999	-0.509
1.037	49.699	9.479	1.220	0.991	433.780	-0.510
1.038	49.693	9.516	1.253	0.983	433.780	-0.511
1.040	49.687	9.540	1.286	0.983	433.780	-0.509
1.042	49.687	9.565	1.311	0.983	432.562	-0.510
1.043	49.680	9.589	1.343	0.983	431.343	-0.510
1.045	49.680	9.613	1.368	0.991	431.343	-0.510
1.046	49.674	9.638	1.376	0.983	434.999	-0.511
1.048	49.668	9.662	1.425	0.983	434.999	-0.511
1.049	49.662	9.674	1.442	0.991	441.091	-0.511
1.051	49.668	9.699	1.466	0.983	450.839	-0.509
1.052	49.656	9.717	1.515	0.983	454.494	-0.511
1.054	49.650	9.723	1.540	0.983	459.368	-0.510
1.056	49.656	9.741	1.564	0.983	459.368	-0.509
1.057	26.368	9.766	1.564	0.975	471.553	-0.505
1.059	1.224	9.778	1.524	0.983	453.276	-0.507
1.060	-0.030	9.790	1.458	0.975	458.150	-0.509
