Time (ms)	Ch1 V	Ch2 V	Ch1 A	Ch2 A	RPM	Torque
0.000	5.772	-10.307	0.565	-0.901	456.931	0.272
0.002	2.058	-10.344	0.549	-0.901	460.587	0.270
0.003	0.116	-10.368	0.557	-0.893	443.528	0.265
0.005	0.061	-10.399	0.541	-0.917	453.276	0.269
0.006	0.079	-10.423	0.541	-0.917	464.242	0.269
0.008	0.091	-10.448	0.541	-0.901	470.335	0.269
0.009	0.091	-10.466	0.532	-0.901	473.990	0.269
0.011	0.085	-10.472	0.532	-0.909	471.553	0.267
0.012	0.091	-10.490	0.524	-0.901	471.553	0.269
0.014	0.091	-10.496	0.524	-0.901	469.116	0.269
0.015	0.091	-10.514	0.508	-0.901	470.335	0.270
0.017	0.097	-10.527	0.524	-0.893	467.898	0.269
0.019	0.091	-10.539	0.516	-0.901	467.898	0.269
0.020	0.091	-10.539	0.500	-0.901	467.898	0.269
0.022	0.097	-10.527	0.508	-0.901	465.461	0.267
0.023	0.097	-10.514	0.491	-0.901	466.679	0.269
0.025	0.097	-10.514	0.491	-0.893	464.242	0.269
0.026	0.097	-10.478	0.483	-0.893	464.242	0.267
0.028	0.104	-10.472	0.475	-0.901	465.461	0.269
0.029	0.097	-10.448	0.475	-0.909	464.242	0.267
0.031	0.085	-10.417	0.467	-0.901	463.024	0.267
0.033	0.091	-10.399	0.459	-0.901	463.024	0.267
0.034	0.091	-10.362	0.467	-0.901	461.805	0.269
0.036	0.091	-10.326	0.459	-0.893	459.368	0.266
0.037	0.085	-10.295	0.451	-0.901	461.805	0.266
0.039	0.085	-10.277	0.451	-0.885	458.150	0.266
0.040	0.085	-10.222	0.451	-0.893	456.931	0.267
0.042	0.079	-10.180	0.451	-0.893	456.931	0.265
0.043	0.091	-10.149	0.434	-0.901	456.931	0.267
0.045	0.097	-10.113	0.426	-0.893	458.150	0.267
0.046	0.097	-10.076	0.426	-0.901	453.276	0.266
0.048	0.091	-10.034	0.426	-0.909	455.713	0.267
0.050	0.097	-10.009	0.426	-0.909	454.494	0.267
0.051	0.091	-9.967	0.418	-0.901	453.276	0.266
0.053	0.085	-9.936	0.418	-0.901	453.276	0.266
0.054	0.085	-9.906	0.401	-0.893	453.276	0.266
0.056	0.091	-9.881	0.401	-0.909	452.057	0.266
0.057	0.085	-9.833	0.401	-0.909	452.057	0.266
0.059	0.085	-9.796	0.393	-0.901	450.839	0.264
0.060	0.085	-9.790	0.393	-0.893	449.620	0.265
0.062	0.091	-9.747	0.393	-0.893	447.184	0.266
0.064	0.091	-9.735	0.385	-0.901	448.402	0.266
0.065	0.085	-9.693	0.377	-0.901	445.965	0.264
0.067	0.091	-9.686	0.385	-0.901	447.184	0.265
0.068	0.085	-9.662	0.369	-0.901	449.620	0.267
0.070	0.079	-9.644	0.360	-0.893	449.620	0.266
0.071	0.079	-9.613	0.369	-0.893	458.150	0.265
0.073	0.085	-9.626	0.360	-0.901	465.461	0.265
0.074	0.195	-9.607	0.360	-0.909	472.772	0.266
0.076	-45.108	-9.595	0.385	-0.901	466.679	0.266
0.077	-49.516	-9.583	0.451	-0.893	473.990	0.266
0.079	-49.699	-9.577	0.516	-0.909	471.553	0.269
0.081	-49.760	-9.583	0.573	-0.909	473.990	0.265
0.082	-49.760	-9.571	0.631	-0.909	469.116	0.265
0.084	-49.766	-9.565	0.680	-0.909	470.335	0.267
0.085	-49.760	-9.559	0.729	-0.909	467.898	0.266
0.087	-49.760	-9.571	0.770	-0.917	466.679	0.267
0.088	-49.754	-9.577	0.811	-0.909	466.679	0.269
0.090	-49.747	-9.571	0.852	-0.909	466.679	0.264
0.091	-49.754	-9.577	0.893	-0.917	464.242	0.265
0.093	-49.747	-9.589	0.926	-0.909	464.242	0.267
0.095	-49.741	-9.589	0.967	-0.909	464.242	0.267
0.096	-49.747	-9.601	1.007	-0.909	463.024	0.267
0.098	-49.741	-9.613	1.040	-0.909	461.805	0.267
0.099	-49.729	-9.607	1.081	-0.909	464.242	0.266
0.101	-49.723	-9.626	1.106	-0.909	463.024	0.266
0.102	-49.717	-9.638	1.139	-0.909	460.587	0.266
0.104	-49.723	-9.668	1.171	-0.917	458.150	0.265
0.105	-49.717	-9.729	1.212	-0.909	459.368	0.265
0.107	-49.711	-9.796	1.237	-0.909	459.368	0.267
0.108	-49.705	-9.869	1.261	-0.926	456.931	0.265
0.110	-49.705	-9.930	1.294	-0.909	455.713	0.267
0.112	-49.705	-9.973	1.319	-0.917	454.494	0.267
0.113	-49.705	-10.021	1.343	-0.909	456.931	0.266
0.115	-49.699	-10.070	1.368	-0.909	455.713	0.267
0.116	-49.699	-10.113	1.417	-0.901	453.276	0.267
0.118	-49.687	-10.155	1.442	-0.909	455.713	0.267
0.119	-49.687	-10.204	1.466	-0.917	453.276	0.267
0.121	-49.680	-10.234	1.491	-0.901	452.057	0.269
0.122	-49.674	-10.265	1.499	-0.901	452.057	0.267
0.124	-49.674	-10.307	1.540	-0.901	450.839	0.270
0.126	-49.668	-10.332	1.564	-0.909	450.839	0.269
0.127	-4.250	-10.362	1.548	-0.917	441.091	0.269
0.129	-0.073	-10.399	1.483	-0.909	448.402	0.270
0.130	0.122	-10.417	1.409	-0.901	444.747	0.269
0.132	0.128	-10.429	1.352	-0.917	447.184	0.267
0.133	0.116	-10.454	1.302	-0.901	455.713	0.267
0.135	0.122	-10.478	1.245	-0.917	463.024	0.267
0.136	0.116	-10.490	1.204	-0.901	469.116	0.269
0.138	0.122	-10.508	1.163	-0.909	473.990	0.269
0.139	0.116	-10.514	1.122	-0.917	472.772	0.267
0.141	0.122	-10.539	1.081	-0.909	470.335	0.269
0.143	0.122	-10.551	1.057	-0.901	471.553	0.267
0.144	0.116	-10.569	1.016	-0.901	469.116	0.270
0.146	0.110	-10.581	0.975	-0.909	467.898	0.267
0.147	0.110	-10.569	0.958	-0.893	469.116	0.269
0.149	0.110	-10.563	0.934	-0.917	467.898	0.266
0.150	0.116	-10.551	0.901	-0.917	467.898	0.269
0.152	0.104	-10.545	0.893	-0.901	464.242	0.267
0.153	0.104	-10.527	0.860	-0.909	465.461	0.269
0.155	0.116	-10.508	0.835	-0.901	463.024	0.267
0.157	0.110	-10.484	0.819	-0.901	463.024	0.266
0.158	0.104	-10.460	0.803	-0.901	463.024	0.267
0.160	0.104	-10.441	0.795	-0.893	463.024	0.266
0.161	0.110	-10.405	0.778	-0.901	461.805	0.270
0.163	0.110	-10.374	0.762	-0.901	461.805	0.269
0.164	0.104	-10.344	0.737	-0.893	460.587	0.267
0.166	0.104	-10.314	0.729	-0.909	459.368	0.267
0.167	0.104	-10.271	0.721	-0.909	460.587	0.266
0.169	0.097	-10.228	0.704	-0.901	458.150	0.267
0.170	0.104	-10.204	0.688	-0.901	455.713	0.267
0.172	0.104	-10.174	0.688	-0.909	456.931	0.266
0.174	0.110	-10.125	0.680	-0.901	456.931	0.267
0.175	0.104	-10.107	0.663	-0.909	453.276	0.267
0.177	0.097	-10.064	0.672	-0.909	454.494	0.266
0.178	0.097	-10.021	0.647	-0.901	452.057	0.266
0.180	0.097	-9.985	0.639	-0.909	452.057	0.267
0.181	0.097	-9.967	0.631	-0.901	454.494	0.266
0.183	0.110	-9.924	0.631	-0.917	452.057	0.267
0.184	0.097	-9.893	0.631	-0.909	452.057	0.266
0.186	0.097	-9.869	0.614	-0.909	449.620	0.266
0.188	0.097	-9.845	0.614	-0.901	450.839	0.266
0.189	0.097	-9.808	0.598	-0.909	450.839	0.267
0.191	0.097	-9.778	0.598	-0.909	448.402	0.266
0.192	0.097	-9.766	0.598	-0.909	447.184	0.267
0.194	0.091	-9.747	0.598	-0.909	445.965	0.266
0.195	0.097	-9.729	0.573	-0.909	447.184	0.267
0.197	0.091	-9.699	0.582	-0.901	449.620	0.266
0.198	0.097	-9.680	0.565	-0.901	449.620	0.266
0.200	0.097	-9.686	0.565	-0.909	456.931	0.265
0.201	13.504	-9.650	0.573	-0.909	458.150	0.254
0.203	1.619	-9.638	0.557	-0.909	481.301	0.265
0.205	0.091	-9.638	0.557	-0.901	464.242	0.262
0.206	0.061	-9.644	0.549	-0.909	471.553	0.265
0.208	0.079	-9.638	0.541	-0.917	471.553	0.269
0.209	0.091	-9.638	0.541	-0.909	469.116	0.266
0.211	0.104	-9.620	0.532	-0.917	471.553	0.265
0.212	0.091	-9.620	0.524	-0.909	467.898	0.267
0.214	0.091	-9.638	0.516	-0.917	469.116	0.266
0.215	0.085	-9.638	0.508	-0.926	466.679	0.269
0.217	0.079	-9.644	0.516	-0.909	466.679	0.265
0.219	0.104	-9.626	0.500	-0.917	464.242	0.265
0.220	0.091	-9.644	0.508	-0.917	466.679	0.266
0.222	0.097	-9.656	0.483	-0.917	464.242	0.267
0.223	0.097	-9.662	0.483	-0.917	464.242	0.265
0.225	0.097	-9.668	0.491	-0.909	461.805	0.266
0.226	0.091	-9.668	0.483	-0.917	463.024	0.266
0.228	0.085	-9.699	0.483	-0.909	461.805	0.266
0.229	0.091	-9.699	0.475	-0.917	461.805	0.265
0.231	0.097	-9.699	0.467	-0.926	461.805	0.264
0.232	0.097	-9.729	0.459	-0.917	459.368	0.266
0.234	0.104	-9.796	0.459	-0.909	459.368	0.266
0.236	0.091	-9.863	0.467	-0.909	459.368	0.266
0.237	0.091	-9.924	0.451	-0.917	458.150	0.266
0.239	0.091	-9.991	0.442	-0.917	456.931	0.266
0.240	0.091	-10.040	0.451	-0.917	454.494	0.267
0.242	0.091	-10.088	0.442	-0.909	453.276	0.266
0.243	0.091	-10.137	0.442	-0.917	454.494	0.265
0.245	0.091	-10.174	0.442	-0.917	453.276	0.266
0.246	0.091	-10.222	0.434	-0.917	454.494	0.266
0.248	0.091	-10.259	0.434	-0.917	453.276	0.266
0.250	0.085	-10.289	0.426	-0.917	453.276	0.267
0.251	0.079	-10.326	0.418	-0.901	450.839	0.266
0.253	0.085	-10.356	0.418	-0.917	450.839	0.266
0.254	0.079	-10.387	0.410	-0.909	448.402	0.267
0.256	0.091	-10.417	0.410	-0.909	449.620	0.266
0.257	0.097	-10.435	0.393	-0.917	447.184	0.269
0.259	0.085	-10.472	0.401	-0.909	444.747	0.269
0.260	0.085	-10.472	0.410	-0.917	447.184	0.265
0.262	0.085	-10.502	0.401	-0.917	454.494	0.266
0.263	0.079	-10.514	0.385	-0.926	461.805	0.265
0.265	0.091	-10.539	0.385	-0.909	469.116	0.267
0.267	0.091	-10.557	0.377	-0.909	472.772	0.266
0.268	0.085	-10.563	0.377	-0.901	472.772	0.265
0.270	0.079	-10.581	0.369	-0.909	470.335	0.266
0.271	0.085	-10.594	0.369	-0.909	470.335	0.267
0.273	0.079	-10.600	0.352	-0.901	470.335	0.265
0.274	0.085	-10.606	0.360	-0.917	470.335	0.267
0.276	0.274	-10.600	0.352	-0.893	467.898	0.266
0.277	-46.058	-10.594	0.377	-0.909	461.805	0.266
0.279	-49.553	-10.575	0.451	-0.917	467.898	0.267
0.281	-49.705	-10.569	0.524	-0.901	467.898	0.266
0.282	-49.754	-10.539	0.582	-0.909	465.461	0.265
0.284	-49.760	-10.514	0.631	-0.909	464.242	0.265
0.285	-49.760	-10.490	0.672	-0.901	464.242	0.267
0.287	-49.766	-10.472	0.729	-0.917	463.024	0.266
0.288	-49.760	-10.448	0.770	-0.909	463.024	0.266
0.290	-49.747	-10.399	0.811	-0.909	460.587	0.265
0.291	-49.760	-10.381	0.852	-0.909	461.805	0.267
0.293	-49.747	-10.350	0.885	-0.917	461.805	0.269
0.294	-49.735	-10.295	0.917	-0.909	460.587	0.266
0.296	-49.741	-10.277	0.958	-0.917	458.150	0.266
0.298	-49.741	-10.253	1.007	-0.909	459.368	0.266
0.299	-49.735	-10.210	1.040	-0.901	458.150	0.265
0.301	-49.729	-10.161	1.089	-0.909	456.931	0.265
0.302	-49.729	-10.143	1.106	-0.909	456.931	0.266
0.304	-49.723	-10.100	1.147	-0.917	454.494	0.266
0.305	-49.717	-10.064	1.188	-0.917	455.713	0.266
0.307	-49.717	-10.040	1.212	-0.909	452.057	0.266
0.308	-49.717	-10.015	1.229	-0.909	455.713	0.266
0.310	-49.705	-9.973	1.261	-0.893	453.276	0.266
0.312	-49.711	-9.930	1.294	-0.909	450.839	0.265
0.313	-49.699	-9.924	1.319	-0.917	450.839	0.266
0.315	-49.693	-9.893	1.352	-0.909	452.057	0.265
0.316	-49.699	-9.857	1.384	-0.917	450.839	0.266
0.318	-49.687	-9.820	1.401	-0.901	447.184	0.265
0.319	-49.687	-9.820	1.425	-0.917	448.402	0.265
0.321	-49.680	-9.802	1.442	-0.909	447.184	0.265
0.322	-49.680	-9.778	1.474	-0.901	447.184	0.265
0.324	-49.680	-9.747	1.499	-0.917	447.184	0.265
0.325	-49.674	-9.747	1.532	-0.917	449.620	0.266
0.327	-49.626	-9.735	1.556	-0.909	448.402	0.266
0.329	-3.330	-9.729	1.540	-0.917	445.965	0.265
0.330	-0.030	-9.711	1.466	-0.909	464.242	0.269
0.332	0.116	-9.699	1.384	-0.917	470.335	0.266
0.333	0.128	-9.693	1.352	-0.909	472.772	0.266
0.335	0.128	-9.686	1.294	-0.909	472.772	0.262
0.336	0.116	-9.686	1.237	-0.909	472.772	0.266
0.338	0.110	-9.680	1.188	-0.901	471.553	0.266
0.339	0.122	-9.686	1.147	-0.909	470.335	0.267
0.341	0.122	-9.693	1.122	-0.926	469.116	0.266
0.343	0.116	-9.686	1.073	-0.909	470.335	0.267
0.344	0.110	-9.680	1.048	-0.917	469.116	0.267
0.346	0.116	-9.686	1.016	-0.901	466.679	0.267
0.347	0.104	-9.693	0.975	-0.917	466.679	0.266
0.349	0.110	-9.705	0.967	-0.901	465.461	0.269
0.350	0.110	-9.711	0.926	-0.901	464.242	0.266
0.352	0.104	-9.711	0.901	-0.917	465.461	0.266
0.353	0.104	-9.723	0.860	-0.909	464.242	0.267
0.355	0.110	-9.747	0.868	-0.917	461.805	0.267
0.356	0.110	-9.747	0.844	-0.917	463.024	0.269
0.358	0.097	-9.753	0.827	-0.901	459.368	0.270
0.360	0.110	-9.766	0.795	-0.917	464.242	0.267
0.361	0.110	-9.772	0.786	-0.926	459.368	0.269
0.363	0.110	-9.814	0.778	-0.909	458.150	0.269
0.364	0.104	-9.881	0.745	-0.917	458.150	0.266
0.366	0.104	-9.942	0.754	-0.926	456.931	0.267
0.367	0.104	-10.003	0.721	-0.934	459.368	0.267
0.369	0.104	-10.052	0.713	-0.917	456.931	0.267
0.370	0.097	-10.100	0.704	-0.901	456.931	0.267
0.372	0.104	-10.143	0.688	-0.909	454.494	0.269
0.374	0.104	-10.198	0.688	-0.917	455.713	0.270
0.375	0.104	-10.241	0.672	-0.926	453.276	0.269
0.377	0.104	-10.271	0.663	-0.917	452.057	0.270
0.378	0.097	-10.307	0.663	-0.917	453.276	0.269
0.380	0.097	-10.344	0.647	-0.926	450.839	0.269
0.381	0.097	-10.368	0.639	-0.917	450.839	0.269
0.383	0.097	-10.405	0.639	-0.917	450.839	0.267
0.384	0.104	-10.429	0.631	-0.909	449.620	0.267
0.386	0.097	-10.454	0.623	-0.917	448.402	0.269
0.387	0.097	-10.472	0.614	-0.926	445.965	0.269
0.389	0.097	-10.496	0.606	-0.901	444.747	0.267
0.391	0.104	-10.521	0.590	-0.909	450.839	0.267
0.392	0.091	-10.539	0.606	-0.909	460.587	0.269
0.394	0.104	-10.551	0.590	-0.917	466.679	0.267
0.395	0.097	-10.575	0.582	-0.917	472.772	0.271
0.397	0.097	-10.588	0.573	-0.901	472.772	0.267
0.398	0.097	-10.600	0.590	-0.917	472.772	0.269
0.400	0.097	-10.600	0.573	-0.909	471.553	0.267
0.401	0.091	-10.618	0.565	-0.917	470.335	0.267
0.403	19.446	-10.588	0.582	-0.909	454.494	0.255
0.405	1.260	-10.594	0.549	-0.909	480.083	0.266
0.406	0.091	-10.600	0.532	-0.909	456.931	0.266
0.408	0.061	-10.588	0.541	-0.909	467.898	0.269
0.409	0.079	-10.569	0.549	-0.909	469.116	0.269
0.411	0.091	-10.557	0.532	-0.917	466.679	0.266
0.412	0.085	-10.533	0.541	-0.917	463.024	0.267
0.414	0.091	-10.502	0.524	-0.909	463.024	0.267
0.415	0.091	-10.484	0.532	-0.909	464.242	0.267
0.417	0.091	-10.466	0.516	-0.917	465.461	0.266
0.418	0.091	-10.423	0.516	-0.909	463.024	0.267
0.420	0.097	-10.405	0.500	-0.909	463.024	0.266
0.422	0.091	-10.362	0.500	-0.909	463.024	0.267
0.423	0.091	-10.326	0.508	-0.901	458.150	0.266
0.425	0.097	-10.289	0.491	-0.893	459.368	0.266
0.426	0.091	-10.271	0.491	-0.909	460.587	0.267
0.428	0.091	-10.234	0.483	-0.909	458.150	0.267
0.429	0.091	-10.198	0.475	-0.917	458.150	0.265
0.431	0.097	-10.167	0.483	-0.909	456.931	0.265
0.432	0.097	-10.131	0.475	-0.901	456.931	0.266
0.434	0.097	-10.094	0.459	-0.901	454.494	0.266
0.436	0.097	-10.070	0.451	-0.909	454.494	0.264
0.437	0.091	-10.034	0.459	-0.909	453.276	0.267
0.439	0.085	-9.991	0.451	-0.909	452.057	0.265
0.440	0.085	-9.967	0.451	-0.909	453.276	0.266
0.442	0.097	-9.960	0.451	-0.909	453.276	0.265
0.443	0.085	-9.924	0.442	-0.909	450.839	0.266
0.445	0.085	-9.900	0.434	-0.917	450.839	0.266
0.446	0.091	-9.863	0.434	-0.909	449.620	0.265
0.448	0.091	-9.857	0.434	-0.901	448.402	0.266
0.449	0.085	-9.833	0.426	-0.917	450.839	0.265
0.451	0.091	-9.814	0.426	-0.901	448.402	0.266
0.453	0.091	-9.796	0.418	-0.909	445.965	0.264
0.454	0.085	-9.790	0.410	-0.909	448.402	0.264
0.456	0.091	-9.784	0.418	-0.901	449.620	0.264
0.457	0.079	-9.766	0.401	-0.909	454.494	0.265
0.459	0.091	-9.747	0.393	-0.909	461.805	0.264
0.460	0.085	-9.753	0.393	-0.917	469.116	0.264
0.462	0.085	-9.735	0.385	-0.917	472.772	0.265
0.463	0.085	-9.741	0.385	-0.909	472.772	0.265
0.465	0.085	-9.729	0.377	-0.909	471.553	0.266
0.467	0.085	-9.735	0.377	-0.917	471.553	0.266
0.468	0.085	-9.735	0.377	-0.909	470.335	0.264
0.470	0.085	-9.729	0.369	-0.917	469.116	0.264
0.471	0.085	-9.723	0.369	-0.917	469.116	0.266
0.473	0.091	-9.735	0.360	-0.909	466.679	0.264
0.474	0.085	-9.747	0.369	-0.909	466.679	0.265
0.476	0.085	-9.753	0.369	-0.917	466.679	0.262
0.477	-0.798	-9.747	0.360	-0.917	459.368	0.261
0.479	-46.807	-9.753	0.393	-0.917	456.931	0.264
0.480	-49.595	-9.766	0.459	-0.917	467.898	0.267
0.482	-49.723	-9.772	0.524	-0.926	465.461	0.267
0.484	-49.760	-9.778	0.590	-0.909	463.024	0.265
0.485	-49.766	-9.790	0.639	-0.926	461.805	0.267
0.487	-49.766	-9.802	0.688	-0.917	461.805	0.264
0.488	-49.760	-9.808	0.729	-0.917	463.024	0.265
0.490	-49.754	-9.827	0.778	-0.917	460.587	0.266
0.491	-49.754	-9.839	0.811	-0.917	460.587	0.266
0.493	-49.747	-9.887	0.860	-0.917	458.150	0.265
0.494	-49.754	-9.954	0.885	-0.901	456.931	0.266
0.496	-49.735	-10.009	0.926	-0.917	456.931	0.266
0.498	-49.747	-10.070	0.967	-0.926	458.150	0.266
0.499	-49.747	-10.119	0.999	-0.917	455.713	0.269
0.501	-49.735	-10.155	1.048	-0.909	454.494	0.269
0.502	-49.729	-10.210	1.081	-0.926	454.494	0.266
0.504	-49.729	-10.241	1.122	-0.909	454.494	0.266
0.505	-49.723	-10.283	1.147	-0.926	453.276	0.269
0.507	-49.717	-10.314	1.179	-0.934	453.276	0.264
0.508	-49.723	-10.350	1.212	-0.917	452.057	0.267
0.510	-49.711	-10.381	1.237	-0.917	450.839	0.267
0.511	-49.717	-10.405	1.261	-0.926	452.057	0.267
0.513	-49.705	-10.441	1.294	-0.926	449.620	0.266
0.515	-49.699	-10.454	1.319	-0.934	449.620	0.267
0.516	-49.693	-10.484	1.352	-0.917	444.747	0.267
0.518	-49.693	-10.508	1.376	-0.917	444.747	0.267
0.519	-49.693	-10.527	1.409	-0.917	450.839	0.269
0.521	-49.687	-10.545	1.417	-0.909	458.150	0.269
0.522	-49.687	-10.563	1.458	-0.917	466.679	0.266
0.524	-49.687	-10.575	1.474	-0.917	470.335	0.267
0.525	-49.680	-10.588	1.515	-0.909	471.553	0.267
0.527	-49.668	-10.594	1.532	-0.909	470.335	0.267
0.529	-48.731	-10.630	1.548	-0.917	472.772	0.269
0.530	-2.606	-10.630	1.532	-0.917	459.368	0.265
0.532	-0.006	-10.612	1.450	-0.909	475.209	0.269
0.533	0.116	-10.612	1.392	-0.909	470.335	0.267
0.535	0.122	-10.600	1.335	-0.909	465.461	0.267
0.536	0.122	-10.594	1.278	-0.909	467.898	0.269
0.538	0.122	-10.575	1.229	-0.909	467.898	0.269
0.539	0.122	-10.545	1.188	-0.917	465.461	0.269
0.541	0.116	-10.533	1.130	-0.909	466.679	0.269
0.542	0.110	-10.508	1.106	-0.917	464.242	0.267
0.544	0.116	-10.484	1.073	-0.901	463.024	0.269
0.546	0.116	-10.460	1.032	-0.901	463.024	0.267
0.547	0.116	-10.429	1.007	-0.901	461.805	0.267
0.549	0.110	-10.411	0.983	-0.917	461.805	0.266
0.550	0.116	-10.368	0.958	-0.901	461.805	0.267
0.552	0.116	-10.332	0.917	-0.917	459.368	0.267
0.553	0.110	-10.320	0.901	-0.901	458.150	0.266
0.555	0.110	-10.277	0.876	-0.909	459.368	0.269
0.556	0.110	-10.253	0.852	-0.909	458.150	0.267
0.558	0.104	-10.222	0.819	-0.909	456.931	0.269
0.560	0.104	-10.180	0.811	-0.917	456.931	0.267
0.561	0.116	-10.149	0.786	-0.901	455.713	0.269
0.563	0.110	-10.125	0.778	-0.909	455.713	0.267
0.564	0.097	-10.100	0.770	-0.917	453.276	0.267
0.566	0.097	-10.058	0.745	-0.909	453.276	0.267
0.567	0.110	-10.034	0.737	-0.901	453.276	0.269
0.569	0.104	-10.009	0.737	-0.901	452.057	0.267
0.570	0.097	-9.997	0.721	-0.901	450.839	0.266
0.572	0.110	-9.954	0.704	-0.909	449.620	0.267
0.573	0.104	-9.930	0.672	-0.909	448.402	0.266
0.575	0.097	-9.924	0.672	-0.909	448.402	0.267
0.577	0.104	-9.900	0.672	-0.909	447.184	0.265
0.578	0.097	-9.875	0.655	-0.909	449.620	0.269
0.580	0.104	-9.869	0.655	-0.909	448.402	0.266
0.581	0.104	-9.857	0.647	-0.909	447.184	0.266
0.583	0.097	-9.839	0.639	-0.909	447.184	0.267
0.584	0.104	-9.820	0.631	-0.917	449.620	0.267
0.586	0.091	-9.808	0.623	-0.917	453.276	0.266
0.587	0.104	-9.808	0.614	-0.917	463.024	0.267
0.589	0.097	-9.796	0.614	-0.909	467.898	0.267
0.591	0.091	-9.790	0.606	-0.909	472.772	0.266
0.592	0.091	-9.790	0.598	-0.917	475.209	0.267
0.594	0.104	-9.778	0.606	-0.909	472.772	0.265
0.595	0.091	-9.790	0.582	-0.926	470.335	0.267
0.597	0.104	-9.778	0.590	-0.909	471.553	0.267
0.598	0.097	-9.778	0.582	-0.909	470.335	0.267
0.600	0.097	-9.772	0.573	-0.909	469.116	0.267
0.601	0.085	-9.784	0.565	-0.909	470.335	0.266
0.603	0.097	-9.802	0.565	-0.917	466.679	0.266
0.604	20.304	-9.772	0.565	-0.926	449.620	0.261
0.606	0.992	-9.790	0.549	-0.909	473.990	0.264
0.608	0.073	-9.808	0.541	-0.917	455.713	0.267
0.609	0.061	-9.814	0.541	-0.917	466.679	0.267
0.611	0.079	-9.814	0.541	-0.917	465.461	0.267
0.612	0.091	-9.827	0.541	-0.901	464.242	0.267
0.614	0.097	-9.845	0.516	-0.909	463.024	0.267
0.615	0.097	-9.857	0.524	-0.917	460.587	0.267
0.617	0.091	-9.875	0.516	-0.926	463.024	0.265
0.618	0.097	-9.869	0.516	-0.917	461.805	0.265
0.620	0.097	-9.875	0.516	-0.926	458.150	0.266
0.622	0.097	-9.924	0.500	-0.917	458.150	0.266
0.623	0.097	-9.973	0.491	-0.909	458.150	0.267
0.625	0.091	-10.027	0.508	-0.917	455.713	0.267
0.626	0.097	-10.082	0.491	-0.917	458.150	0.266
0.628	0.091	-10.131	0.483	-0.909	455.713	0.266
0.629	0.097	-10.180	0.483	-0.917	454.494	0.265
0.631	0.097	-10.222	0.483	-0.909	454.494	0.266
0.632	0.091	-10.271	0.475	-0.926	454.494	0.267
0.634	0.104	-10.301	0.475	-0.917	454.494	0.267
0.635	0.091	-10.332	0.467	-0.926	453.276	0.265
0.637	0.091	-10.368	0.467	-0.926	450.839	0.266
0.639	0.091	-10.393	0.459	-0.917	452.057	0.266
0.640	0.097	-10.423	0.459	-0.917	452.057	0.267
0.642	0.097	-10.435	0.442	-0.917	449.620	0.265
0.643	0.085	-10.478	0.442	-0.926	449.620	0.269
0.645	0.091	-10.496	0.442	-0.926	449.620	0.267
0.646	0.091	-10.508	0.451	-0.926	444.747	0.269
0.648	0.097	-10.539	0.442	-0.917	449.620	0.265
0.649	0.085	-10.557	0.442	-0.909	456.931	0.266
0.651	0.085	-10.563	0.418	-0.917	463.024	0.266
0.653	0.097	-10.594	0.418	-0.917	470.335	0.265
0.654	0.085	-10.600	0.410	-0.917	472.772	0.266
0.656	0.085	-10.618	0.418	-0.917	472.772	0.264
0.657	0.091	-10.618	0.418	-0.917	471.553	0.269
0.659	0.085	-10.624	0.401	-0.901	470.335	0.266
0.660	0.091	-10.618	0.410	-0.901	470.335	0.265
0.662	0.085	-10.612	0.393	-0.909	469.116	0.266
0.663	0.091	-10.606	0.393	-0.917	469.116	0.265
0.665	0.085	-10.588	0.393	-0.917	466.679	0.269
0.666	0.079	-10.575	0.393	-0.917	465.461	0.266
0.668	0.091	-10.557	0.385	-0.893	464.242	0.266
0.670	0.085	-10.539	0.377	-0.901	464.242	0.266
0.671	0.085	-10.514	0.369	-0.901	463.024	0.265
0.673	0.091	-10.484	0.377	-0.917	463.024	0.265
0.674	0.079	-10.466	0.369	-0.909	464.242	0.266
0.676	0.085	-10.435	0.360	-0.917	461.805	0.265
0.677	0.085	-10.417	0.352	-0.901	460.587	0.265
0.679	-5.626	-10.399	0.344	-0.909	455.713	0.264
0.680	-47.422	-10.368	0.410	-0.917	452.057	0.264
0.682	-49.626	-10.326	0.467	-0.917	463.024	0.266
0.684	-49.723	-10.301	0.524	-0.901	460.587	0.264
0.685	-49.760	-10.253	0.582	-0.893	458.150	0.264
0.687	-49.766	-10.234	0.655	-0.909	456.931	0.266
0.688	-49.766	-10.204	0.696	-0.893	455.713	0.266
0.690	-49.760	-10.167	0.737	-0.909	455.713	0.265
0.691	-49.760	-10.143	0.770	-0.909	455.713	0.264
0.693	-49.760	-10.119	0.819	-0.909	454.494	0.265
0.694	-49.760	-10.100	0.844	-0.909	455.713	0.265
0.696	-49.754	-10.064	0.901	-0.917	452.057	0.265
0.697	-49.741	-10.040	0.926	-0.901	454.494	0.262
0.699	-49.741	-10.021	0.991	-0.901	450.839	0.266
0.701	-49.741	-9.991	0.999	-0.909	450.839	0.265
0.702	-49.741	-9.967	1.048	-0.901	448.402	0.265
0.704	-49.729	-9.954	1.073	-0.909	449.620	0.264
0.705	-49.729	-9.930	1.114	-0.909	448.402	0.264
0.707	-49.723	-9.918	1.155	-0.917	447.184	0.265
0.708	-49.729	-9.893	1.188	-0.909	448.402	0.266
0.710	-49.717	-9.887	1.204	-0.917	445.965	0.265
0.711	-49.717	-9.863	1.245	-0.909	447.184	0.265
0.713	-49.705	-9.857	1.261	-0.909	449.620	0.265
0.715	-49.705	-9.845	1.294	-0.917	452.057	0.267
0.716	-49.705	-9.845	1.311	-0.917	458.150	0.266
0.718	-49.693	-9.839	1.352	-0.909	464.242	0.266
0.719	-49.699	-9.833	1.368	-0.917	471.553	0.265
0.721	-49.693	-9.827	1.409	-0.917	473.990	0.265
0.722	-49.680	-9.833	1.433	-0.901	472.772	0.265
0.724	-49.687	-9.820	1.458	-0.917	471.553	0.265
0.725	-49.687	-9.814	1.474	-0.909	469.116	0.267
0.727	-49.668	-9.814	1.499	-0.909	470.335	0.266
0.728	-49.674	-9.827	1.532	-0.917	467.898	0.264
0.730	-44.152	-9.869	1.556	-0.917	477.646	0.272
0.732	-2.027	-9.839	1.524	-0.909	459.368	0.267
0.733	0.030	-9.839	1.458	-0.917	470.335	0.267
0.735	0.122	-9.839	1.384	-0.917	465.461	0.265
0.736	0.128	-9.851	1.335	-0.917	464.242	0.264
0.738	0.110	-9.851	1.278	-0.917	464.242	0.267
0.739	0.116	-9.857	1.229	-0.909	463.024	0.267
0.741	0.122	-9.869	1.179	-0.909	464.242	0.267
0.742	0.116	-9.887	1.147	-0.917	463.024	0.267
0.744	0.116	-9.887	1.106	-0.917	461.805	0.267
0.746	0.116	-9.887	1.057	-0.917	461.805	0.266
0.747	0.110	-9.900	1.040	-0.917	461.805	0.267
0.749	0.104	-9.912	1.007	-0.917	459.368	0.267
0.750	0.116	-9.918	0.975	-0.926	459.368	0.269
0.752	0.097	-9.954	0.942	-0.917	458.150	0.266
0.753	0.116	-10.009	0.934	-0.901	458.150	0.269
0.755	0.110	-10.058	0.885	-0.909	455.713	0.266
0.756	0.097	-10.113	0.868	-0.917	456.931	0.269
0.758	0.104	-10.149	0.852	-0.909	454.494	0.269
0.759	0.097	-10.192	0.827	-0.909	454.494	0.269
0.761	0.104	-10.228	0.811	-0.901	453.276	0.270
0.763	0.110	-10.259	0.795	-0.909	453.276	0.270
0.764	0.104	-10.295	0.778	-0.909	452.057	0.269
0.766	0.104	-10.326	0.762	-0.926	450.839	0.266
0.767	0.104	-10.356	0.737	-0.909	453.276	0.271
0.769	0.104	-10.381	0.729	-0.909	448.402	0.269
0.770	0.104	-10.399	0.729	-0.917	449.620	0.271
0.772	0.104	-10.417	0.713	-0.909	448.402	0.269
0.773	0.104	-10.448	0.696	-0.909	448.402	0.270
0.775	0.104	-10.472	0.704	-0.901	443.528	0.270
0.777	0.104	-10.484	0.672	-0.909	445.965	0.270
0.778	0.104	-10.490	0.672	-0.917	453.276	0.271
0.780	0.110	-10.508	0.663	-0.901	463.024	0.270
0.781	0.097	-10.533	0.647	-0.909	467.898	0.269
0.783	0.097	-10.533	0.647	-0.909	470.335	0.269
0.784	0.097	-10.551	0.647	-0.917	471.553	0.269
0.786	0.104	-10.557	0.623	-0.909	470.335	0.269
0.787	0.097	-10.563	0.623	-0.901	469.116	0.269
0.789	0.097	-10.551	0.614	-0.909	471.553	0.269
0.790	0.097	-10.539	0.606	-0.909	469.116	0.269
0.792	0.104	-10.533	0.598	-0.909	466.679	0.269
0.794	0.091	-10.514	0.598	-0.893	467.898	0.269
0.795	0.097	-10.508	0.598	-0.901	465.461	0.269
0.797	0.097	-10.490	0.590	-0.901	464.242	0.267
0.798	0.097	-10.472	0.573	-0.917	464.242	0.270
0.800	0.104	-10.448	0.582	-0.909	465.461	0.270
0.801	0.091	-10.423	0.573	-0.909	464.242	0.270
0.803	0.097	-10.405	0.557	-0.901	463.024	0.267
0.804	0.091	-10.368	0.565	-0.901	461.805	0.269
0.806	17.699	-10.350	0.573	-0.901	439.873	0.264
0.808	0.773	-10.314	0.549	-0.893	464.242	0.264
0.809	0.073	-10.295	0.541	-0.901	450.839	0.270
0.811	0.061	-10.265	0.541	-0.901	459.368	0.271
0.812	0.085	-10.228	0.541	-0.893	459.368	0.267
0.814	0.097	-10.198	0.524	-0.893	458.150	0.267
0.815	0.097	-10.186	0.532	-0.885	456.931	0.269
0.817	0.091	-10.149	0.516	-0.893	455.713	0.267
0.818	0.091	-10.113	0.516	-0.893	454.494	0.269
0.820	0.104	-10.088	0.508	-0.901	456.931	0.266
0.821	0.091	-10.064	0.500	-0.893	454.494	0.269
0.823	0.091	-10.040	0.491	-0.909	454.494	0.267
0.825	0.085	-10.003	0.500	-0.901	452.057	0.266
0.826	0.097	-9.985	0.491	-0.901	453.276	0.266
0.828	0.091	-9.960	0.483	-0.901	453.276	0.266
0.829	0.091	-9.930	0.491	-0.901	449.620	0.266
0.831	0.091	-9.906	0.491	-0.885	449.620	0.267
0.832	0.097	-9.900	0.483	-0.893	449.620	0.266
0.834	0.104	-9.881	0.475	-0.901	449.620	0.266
0.835	0.091	-9.857	0.467	-0.901	448.402	0.266
0.837	0.097	-9.839	0.459	-0.901	448.402	0.267
0.839	0.097	-9.833	0.459	-0.893	448.402	0.266
0.840	0.091	-9.820	0.459	-0.901	445.965	0.267
0.842	0.097	-9.808	0.459	-0.893	449.620	0.267
0.843	0.091	-9.790	0.451	-0.901	448.402	0.267
0.845	0.091	-9.784	0.442	-0.901	454.494	0.266
0.846	0.091	-9.784	0.434	-0.901	461.805	0.266
0.848	0.085	-9.766	0.426	-0.901	469.116	0.267
0.849	0.091	-9.760	0.434	-0.901	473.990	0.267
0.851	0.097	-9.772	0.426	-0.901	471.553	0.266
0.852	0.085	-9.772	0.426	-0.901	471.553	0.266
0.854	0.091	-9.753	0.426	-0.893	470.335	0.267
0.856	0.091	-9.760	0.418	-0.901	470.335	0.265
0.857	0.085	-9.760	0.410	-0.909	469.116	0.266
0.859	0.097	-9.760	0.401	-0.893	469.116	0.264
0.860	0.085	-9.766	0.401	-0.893	467.898	0.267
0.862	0.091	-9.766	0.410	-0.901	467.898	0.265
0.863	0.085	-9.766	0.393	-0.901	465.461	0.266
0.865	0.085	-9.784	0.401	-0.893	466.679	0.266
0.866	0.079	-9.778	0.393	-0.909	465.461	0.265
0.868	0.079	-9.784	0.377	-0.909	464.242	0.266
0.870	0.085	-9.784	0.385	-0.893	464.242	0.267
0.871	0.085	-9.790	0.369	-0.901	461.805	0.266
0.873	0.085	-9.796	0.385	-0.909	463.024	0.267
0.874	0.085	-9.802	0.360	-0.909	460.587	0.270
0.876	0.085	-9.814	0.377	-0.893	460.587	0.266
0.877	0.079	-9.833	0.369	-0.893	458.150	0.266
0.879	0.079	-9.863	0.360	-0.893	460.587	0.270
0.880	-13.005	-9.924	0.352	-0.893	467.898	0.281
0.882	-47.891	-9.954	0.401	-0.893	453.276	0.269
0.883	-49.638	-9.997	0.475	-0.901	461.805	0.269
0.885	-49.741	-10.034	0.532	-0.909	455.713	0.267
0.887	-49.760	-10.082	0.598	-0.893	452.057	0.266
0.888	-49.766	-10.107	0.655	-0.901	453.276	0.269
0.890	-49.766	-10.143	0.696	-0.893	453.276	0.269
0.891	-49.766	-10.180	0.729	-0.917	453.276	0.266
0.893	-49.766	-10.198	0.786	-0.893	453.276	0.267
0.894	-49.760	-10.234	0.819	-0.901	453.276	0.267
0.896	-49.747	-10.259	0.852	-0.901	449.620	0.267
0.897	-49.741	-10.271	0.893	-0.893	450.839	0.267
0.899	-49.754	-10.295	0.934	-0.901	450.839	0.267
0.901	-49.741	-10.307	0.967	-0.901	448.402	0.269
0.902	-49.735	-10.332	0.999	-0.901	448.402	0.267
0.904	-49.735	-10.344	1.048	-0.893	444.747	0.269
0.905	-49.735	-10.362	1.089	-0.901	447.184	0.267
0.907	-49.735	-10.374	1.114	-0.876	452.057	0.267
0.908	-49.723	-10.387	1.147	-0.901	460.587	0.267
0.910	-49.717	-10.399	1.179	-0.893	466.679	0.267
0.911	-49.717	-10.405	1.212	-0.885	471.553	0.267
0.913	-49.717	-10.423	1.237	-0.893	473.990	0.269
0.914	-49.711	-10.429	1.261	-0.893	471.553	0.269
0.916	-49.711	-10.441	1.294	-0.885	470.335	0.267
0.918	-49.699	-10.429	1.327	-0.893	469.116	0.269
0.919	-49.699	-10.429	1.368	-0.885	467.898	0.269
0.921	-49.705	-10.423	1.384	-0.901	470.335	0.267
0.922	-49.699	-10.411	1.417	-0.893	466.679	0.269
0.924	-49.687	-10.399	1.425	-0.893	466.679	0.267
0.925	-49.674	-10.374	1.458	-0.893	466.679	0.269
0.927	-49.680	-10.362	1.491	-0.893	463.024	0.267
0.928	-49.674	-10.344	1.515	-0.885	463.024	0.266
0.930	-49.680	-10.320	1.532	-0.885	464.242	0.265
0.932	-36.633	-10.320	1.564	-0.885	477.646	0.277
0.933	-1.589	-10.289	1.524	-0.885	456.931	0.270
0.935	0.049	-10.259	1.450	-0.885	466.679	0.267
0.936	0.122	-10.222	1.384	-0.885	461.805	0.269
0.938	0.128	-10.204	1.335	-0.885	459.368	0.267
0.939	0.116	-10.180	1.270	-0.885	458.150	0.267
0.941	0.116	-10.155	1.229	-0.885	458.150	0.267
0.942	0.122	-10.119	1.179	-0.885	458.150	0.269
0.944	0.116	-10.094	1.147	-0.885	456.931	0.266
0.945	0.122	-10.076	1.098	-0.885	456.931	0.267
0.947	0.122	-10.046	1.065	-0.885	456.931	0.267
0.949	0.110	-10.015	1.040	-0.885	455.713	0.267
0.950	0.110	-9.991	0.999	-0.885	454.494	0.267
0.952	0.122	-9.973	0.975	-0.893	453.276	0.267
0.953	0.104	-9.954	0.950	-0.885	453.276	0.267
0.955	0.116	-9.912	0.917	-0.893	453.276	0.265
0.956	0.104	-9.906	0.893	-0.876	452.057	0.269
0.958	0.110	-9.887	0.868	-0.885	450.839	0.266
0.959	0.104	-9.857	0.852	-0.885	450.839	0.269
0.961	0.104	-9.839	0.827	-0.885	449.620	0.266
0.963	0.110	-9.833	0.819	-0.893	449.620	0.267
0.964	0.104	-9.814	0.795	-0.885	448.402	0.269
0.966	0.104	-9.790	0.770	-0.893	447.184	0.267
0.967	0.104	-9.784	0.762	-0.885	445.965	0.269
0.969	0.104	-9.784	0.754	-0.885	444.747	0.267
0.970	0.104	-9.772	0.729	-0.885	449.620	0.269
0.972	0.097	-9.747	0.704	-0.876	450.839	0.267
0.973	0.097	-9.753	0.713	-0.901	455.713	0.267
0.975	0.097	-9.735	0.713	-0.901	461.805	0.266
0.976	0.104	-9.729	0.680	-0.893	469.116	0.267
0.978	0.097	-9.729	0.672	-0.885	472.772	0.267
0.980	0.097	-9.735	0.655	-0.885	472.772	0.269
0.981	0.097	-9.729	0.663	-0.901	472.772	0.269
0.983	0.104	-9.729	0.647	-0.893	469.116	0.267
0.984	0.097	-9.729	0.639	-0.893	470.335	0.266
0.986	0.097	-9.729	0.639	-0.885	469.116	0.269
0.987	0.097	-9.735	0.623	-0.901	467.898	0.267
0.989	0.097	-9.735	0.623	-0.885	467.898	0.269
0.990	0.104	-9.735	0.614	-0.893	466.679	0.269
0.992	0.091	-9.735	0.606	-0.893	465.461	0.267
0.994	0.104	-9.753	0.606	-0.893	466.679	0.267
0.995	0.091	-9.753	0.598	-0.885	464.242	0.269
0.997	0.104	-9.760	0.598	-0.885	464.242	0.267
0.998	0.091	-9.760	0.582	-0.893	464.242	0.270
1.000	0.097	-9.772	0.582	-0.901	461.805	0.270
1.001	0.104	-9.778	0.582	-0.901	460.587	0.270
1.003	0.097	-9.808	0.573	-0.901	453.276	0.265
1.004	0.091	-9.869	0.565	-0.893	464.242	0.269
1.006	0.097	-9.906	0.565	-0.901	459.368	0.269
1.007	14.265	-9.954	0.573	-0.893	444.747	0.271
1.009	0.609	-9.991	0.549	-0.885	458.150	0.267
1.011	0.061	-10.021	0.549	-0.893	449.620	0.273
1.012	0.061	-10.058	0.541	-0.901	460.587	0.271
1.014	0.085	-10.094	0.549	-0.885	458.150	0.267
1.015	0.079	-10.113	0.541	-0.901	454.494	0.269
1.017	0.091	-10.143	0.532	-0.885	455.713	0.270
1.018	0.091	-10.167	0.516	-0.885	455.713	0.271
1.020	0.085	-10.192	0.508	-0.893	453.276	0.269
1.021	0.097	-10.210	0.516	-0.901	452.057	0.271
1.023	0.097	-10.228	0.508	-0.885	453.276	0.269
1.025	0.085	-10.253	0.500	-0.885	452.057	0.270
1.026	0.104	-10.265	0.483	-0.893	449.620	0.269
1.028	0.091	-10.283	0.500	-0.876	450.839	0.270
1.029	0.097	-10.301	0.491	-0.885	449.620	0.269
1.031	0.091	-10.307	0.483	-0.885	449.620	0.270
1.032	0.091	-10.320	0.475	-0.893	448.402	0.269
1.034	0.104	-10.332	0.475	-0.885	443.528	0.269
1.035	0.091	-10.344	0.467	-0.885	450.839	0.271
1.037	0.085	-10.356	0.467	-0.893	458.150	0.267
1.038	0.085	-10.362	0.459	-0.885	465.461	0.270
1.040	0.091	-10.374	0.459	-0.885	469.116	0.267
1.042	0.091	-10.374	0.459	-0.876	475.209	0.270
1.043	0.091	-10.368	0.451	-0.885	472.772	0.269
1.045	0.091	-10.374	0.451	-0.885	470.335	0.269
1.046	0.091	-10.362	0.442	-0.885	470.335	0.269
1.048	0.091	-10.350	0.451	-0.885	469.116	0.270
1.049	0.091	-10.338	0.434	-0.876	467.898	0.269
1.051	0.091	-10.320	0.434	-0.868	467.898	0.270
1.052	0.085	-10.307	0.418	-0.885	467.898	0.266
1.054	0.079	-10.277	0.418	-0.893	465.461	0.269
1.056	0.085	-10.265	0.426	-0.893	465.461	0.269
1.057	0.085	-10.247	0.426	-0.885	465.461	0.267
1.059	0.085	-10.222	0.410	-0.885	464.242	0.269
1.060	0.085	-10.204	0.410	-0.885	465.461	0.269
