Time (ms)	Ch1 V	Ch2 V	Ch1 A	Ch2 A	RPM	Torque
0.000	14.807	25.346	1.392	2.441	1130.753	-0.894
0.002	47.610	25.352	1.466	2.433	1138.064	-0.886
0.003	49.352	25.339	1.556	2.433	1138.064	-0.885
0.005	49.467	25.364	1.655	2.441	1138.064	-0.884
0.006	49.492	25.364	1.728	2.441	1136.845	-0.883
0.008	49.498	25.333	1.818	2.433	1133.190	-0.884
0.009	49.498	25.370	1.884	2.441	1130.753	-0.883
0.011	49.492	25.358	1.949	2.441	1129.534	-0.883
0.012	49.498	25.370	2.040	2.433	1127.097	-0.884
0.014	49.498	25.339	2.072	2.433	1125.879	-0.883
0.015	49.492	25.358	2.154	2.441	1124.660	-0.885
0.017	49.492	25.346	2.203	2.441	1122.223	-0.884
0.019	49.486	25.376	2.253	2.433	1125.879	-0.884
0.020	49.480	25.352	2.318	2.433	1121.005	-0.884
0.022	49.480	25.364	2.351	2.433	1125.879	-0.885
0.023	49.480	25.352	2.400	2.433	1131.971	-0.884
0.025	49.486	25.352	2.441	2.449	1138.064	-0.883
0.026	49.486	25.358	2.490	2.441	1141.719	-0.883
0.028	49.480	25.358	2.531	2.433	1139.282	-0.883
0.029	49.473	25.352	2.572	2.433	1139.282	-0.883
0.031	49.480	25.339	2.605	2.441	1136.845	-0.883
0.033	49.473	25.370	2.654	2.441	1134.408	-0.881
0.034	49.473	25.346	2.670	2.441	1133.190	-0.883
0.036	49.473	25.358	2.719	2.441	1130.753	-0.885
0.037	49.473	25.333	2.760	2.441	1130.753	-0.883
0.039	49.461	25.358	2.785	2.441	1127.097	-0.881
0.040	49.461	25.339	2.801	2.433	1127.097	-0.883
0.042	49.461	25.358	2.859	2.449	1125.879	-0.881
0.043	49.461	25.339	2.867	2.433	1123.442	-0.884
0.045	49.461	25.358	2.900	2.433	1119.786	-0.883
0.046	49.449	25.339	2.941	2.433	1123.442	-0.883
0.048	49.455	25.346	2.965	2.441	1129.534	-0.880
0.050	49.449	25.346	2.981	2.441	1133.190	-0.884
0.051	49.449	25.333	2.998	2.441	1139.282	-0.883
0.053	49.443	25.333	3.031	2.433	1141.719	-0.885
0.054	49.449	25.339	3.055	2.441	1138.064	-0.883
0.056	49.443	25.352	3.096	2.433	1139.282	-0.881
0.057	49.443	25.352	3.096	2.441	1138.064	-0.884
0.059	49.437	25.358	3.113	2.433	1131.971	-0.884
0.060	49.437	25.333	3.162	2.425	1131.971	-0.884
0.062	49.431	25.364	3.170	2.441	1130.753	-0.884
0.064	49.431	25.333	3.203	2.425	1128.316	-0.883
0.065	49.413	25.346	3.219	2.441	1125.879	-0.884
0.067	49.394	25.327	3.244	2.433	1124.660	-0.885
0.068	49.419	25.352	3.285	2.441	1123.442	-0.883
0.070	49.419	25.327	3.285	2.433	1122.223	-0.884
0.071	49.419	25.358	3.317	2.433	1121.005	-0.883
0.073	49.407	25.346	3.326	2.441	1125.879	-0.884
0.074	49.413	25.339	3.342	2.433	1128.316	-0.883
0.076	49.407	25.339	3.375	2.441	1134.408	-0.881
0.077	49.407	25.321	3.391	2.441	1139.282	-0.884
0.079	49.394	25.339	3.399	2.433	1140.501	-0.881
0.081	49.394	25.346	3.407	2.441	1139.282	-0.883
0.082	49.388	25.346	3.432	2.449	1139.282	-0.883
0.084	49.388	25.339	3.457	2.441	1136.845	-0.881
0.085	49.394	25.352	3.465	2.433	1135.627	-0.884
0.087	49.382	25.321	3.489	2.441	1134.408	-0.883
0.088	49.388	25.352	3.506	2.433	1131.971	-0.881
0.090	49.382	25.370	3.522	2.425	1129.534	-0.883
0.091	49.382	25.370	3.530	2.441	1127.097	-0.883
0.093	49.376	25.327	3.547	2.425	1125.879	-0.883
0.095	49.370	25.370	3.563	2.441	1124.660	-0.883
0.096	49.376	25.309	3.571	2.433	1118.568	-0.883
0.098	49.376	25.291	3.588	2.416	1121.005	-0.884
0.099	49.370	25.206	3.596	2.425	1125.879	-0.883
0.101	49.364	25.248	3.612	2.416	1131.971	-0.883
0.102	49.370	25.242	3.620	2.425	1136.845	-0.883
0.104	49.364	25.218	3.637	2.416	1142.938	-0.883
0.105	49.364	25.236	3.653	2.416	1139.282	-0.884
0.107	49.352	25.230	3.678	2.425	1140.501	-0.885
0.108	49.352	25.230	3.686	2.416	1136.845	-0.884
0.110	49.352	25.199	3.686	2.408	1136.845	-0.884
0.112	49.340	25.230	3.710	2.433	1133.190	-0.884
0.113	49.352	25.193	3.710	2.408	1131.971	-0.884
0.115	49.346	25.218	3.735	2.425	1128.316	-0.883
0.116	49.333	25.187	3.735	2.408	1125.879	-0.884
0.118	49.340	25.212	3.751	2.416	1125.879	-0.884
0.119	49.333	25.193	3.768	2.408	1124.660	-0.884
0.121	10.332	25.206	3.751	2.408	1114.913	-0.887
0.122	0.353	25.187	3.620	2.416	1123.442	-0.885
0.124	-0.177	25.181	3.489	2.408	1122.223	-0.884
0.126	-0.213	25.181	3.375	2.416	1127.097	-0.883
0.127	-0.225	25.169	3.252	2.416	1131.971	-0.883
0.129	-0.244	25.175	3.129	2.416	1138.064	-0.885
0.130	-0.237	25.145	3.039	2.425	1141.719	-0.884
0.132	-0.231	25.175	2.965	2.425	1141.719	-0.883
0.133	-0.225	25.187	2.867	2.408	1139.282	-0.883
0.135	-0.231	25.193	2.785	2.425	1138.064	-0.884
0.136	-0.225	25.175	2.719	2.408	1134.408	-0.881
0.138	-0.225	25.187	2.646	2.425	1133.190	-0.884
0.139	-0.225	25.157	2.580	2.416	1130.753	-0.883
0.141	-0.225	25.187	2.515	2.416	1130.753	-0.883
0.143	-0.225	25.175	2.465	2.425	1127.097	-0.884
0.144	-0.219	25.193	2.392	2.416	1127.097	-0.884
0.146	-0.219	25.169	2.334	2.416	1124.660	-0.885
0.147	-0.225	25.187	2.285	2.416	1124.660	-0.883
0.149	-0.213	25.175	2.228	2.416	1119.786	-0.883
0.150	-0.219	25.175	2.187	2.416	1122.223	-0.884
0.152	-0.213	25.169	2.138	2.416	1127.097	-0.884
0.153	-0.213	25.181	2.089	2.416	1133.190	-0.883
0.155	-0.213	25.181	2.048	2.416	1139.282	-0.883
0.157	-0.213	25.206	2.007	2.416	1140.501	-0.883
0.158	-0.213	25.199	1.982	2.416	1139.282	-0.885
0.160	-0.213	25.193	1.941	2.425	1136.845	-0.885
0.161	-0.213	25.212	1.900	2.408	1134.408	-0.885
0.163	-0.213	25.175	1.859	2.416	1133.190	-0.885
0.164	-0.207	25.199	1.835	2.408	1131.971	-0.884
0.166	-0.195	25.175	1.818	2.416	1129.534	-0.885
0.167	-0.195	25.206	1.786	2.416	1129.534	-0.884
0.169	-0.207	25.175	1.745	2.416	1127.097	-0.883
0.170	-0.207	25.193	1.720	2.408	1123.442	-0.884
0.172	-0.201	25.181	1.704	2.416	1124.660	-0.884
0.174	-0.201	25.187	1.679	2.425	1121.005	-0.883
0.175	-0.201	25.175	1.671	2.408	1119.786	-0.884
0.177	-0.189	25.206	1.646	2.416	1125.879	-0.884
0.178	-0.195	25.193	1.646	2.408	1130.753	-0.886
0.180	-0.195	25.187	1.589	2.425	1135.627	-0.883
0.181	-0.189	25.193	1.573	2.416	1140.501	-0.883
0.183	-0.183	25.169	1.540	2.416	1142.938	-0.883
0.184	-0.195	25.193	1.524	2.408	1139.282	-0.884
0.186	-0.195	25.187	1.524	2.408	1136.845	-0.883
0.188	-0.189	25.199	1.483	2.408	1135.627	-0.884
0.189	-0.189	25.175	1.466	2.408	1134.408	-0.883
0.191	-0.195	25.193	1.466	2.416	1131.971	-0.883
0.192	-0.189	25.175	1.425	2.416	1131.971	-0.881
0.194	-0.183	25.187	1.417	2.408	1129.534	-0.883
0.195	-0.189	25.169	1.409	2.416	1127.097	-0.884
0.197	-0.183	25.199	1.392	2.416	1125.879	-0.883
0.198	-0.189	25.181	1.392	2.416	1123.442	-0.883
0.200	-0.183	25.199	1.376	2.416	1118.568	-0.883
0.201	40.712	25.175	1.417	2.416	1123.442	-0.883
0.203	48.980	25.181	1.515	2.408	1131.971	-0.881
0.205	49.431	25.187	1.605	2.400	1131.971	-0.883
0.206	49.480	25.151	1.687	2.416	1135.627	-0.883
0.208	49.498	25.175	1.786	2.416	1140.501	-0.885
0.209	49.498	25.181	1.859	2.416	1139.282	-0.883
0.211	49.492	25.187	1.933	2.416	1136.845	-0.884
0.212	49.498	25.157	1.982	2.408	1130.753	-0.887
0.214	49.492	25.193	2.056	2.416	1135.627	-0.885
0.215	49.498	25.169	2.130	2.416	1133.190	-0.884
0.217	49.492	25.187	2.179	2.425	1130.753	-0.884
0.219	49.486	25.169	2.220	2.416	1130.753	-0.883
0.220	49.480	25.181	2.285	2.425	1128.316	-0.881
0.222	49.486	25.163	2.343	2.416	1125.879	-0.883
0.223	49.480	25.193	2.384	2.416	1123.442	-0.883
0.225	49.480	25.169	2.425	2.416	1121.005	-0.883
0.226	49.480	25.193	2.474	2.416	1127.097	-0.883
0.228	49.473	25.181	2.523	2.408	1125.879	-0.883
0.229	49.467	25.199	2.572	2.416	1127.097	-0.884
0.231	49.473	25.193	2.605	2.425	1131.971	-0.884
0.232	49.473	25.206	2.637	2.425	1139.282	-0.884
0.234	49.473	25.181	2.662	2.416	1142.938	-0.881
0.236	49.467	25.169	2.711	2.408	1140.501	-0.881
0.237	49.461	25.181	2.736	2.416	1138.064	-0.881
0.239	49.467	25.157	2.793	2.416	1138.064	-0.883
0.240	49.461	25.187	2.809	2.400	1135.627	-0.881
0.242	49.455	25.163	2.834	2.408	1134.408	-0.881
0.243	49.461	25.181	2.875	2.416	1130.753	-0.881
0.245	49.455	25.145	2.900	2.425	1129.534	-0.883
0.246	49.455	25.151	2.932	2.416	1128.316	-0.881
0.248	49.449	25.151	2.949	2.408	1125.879	-0.883
0.250	49.443	25.175	2.973	2.408	1124.660	-0.880
0.251	49.449	25.163	2.990	2.416	1118.568	-0.883
0.253	49.443	25.175	3.031	2.416	1118.568	-0.884
0.254	49.443	25.169	3.055	2.416	1124.660	-0.883
0.256	49.437	25.169	3.063	2.425	1128.316	-0.883
0.257	49.443	25.169	3.063	2.400	1134.408	-0.881
0.259	49.431	25.169	3.104	2.400	1140.501	-0.883
0.260	49.431	25.187	3.137	2.408	1140.501	-0.883
0.262	49.419	25.151	3.154	2.416	1139.282	-0.883
0.263	49.425	25.175	3.186	2.408	1136.845	-0.883
0.265	49.425	25.157	3.219	2.416	1135.627	-0.883
0.267	49.394	25.187	3.227	2.408	1135.627	-0.884
0.268	49.413	25.157	3.276	2.408	1131.971	-0.881
0.270	49.407	25.187	3.285	2.400	1129.534	-0.883
0.271	49.413	25.175	3.309	2.400	1127.097	-0.884
0.273	49.407	25.187	3.326	2.408	1127.097	-0.881
0.274	49.407	25.169	3.342	2.400	1125.879	-0.881
0.276	49.407	25.175	3.375	2.408	1122.223	-0.883
0.277	49.400	25.169	3.383	2.416	1123.442	-0.883
0.279	49.407	25.175	3.399	2.425	1122.223	-0.884
0.281	49.388	25.181	3.416	2.416	1124.660	-0.884
0.282	49.394	25.169	3.432	2.416	1133.190	-0.880
0.284	49.388	25.181	3.457	2.408	1138.064	-0.883
0.285	49.394	25.181	3.481	2.416	1141.719	-0.881
0.287	49.394	25.193	3.481	2.400	1141.719	-0.881
0.288	49.388	25.187	3.506	2.416	1139.282	-0.881
0.290	49.382	25.199	3.498	2.416	1139.282	-0.883
0.291	49.376	25.181	3.514	2.416	1135.627	-0.881
0.293	49.382	25.206	3.530	2.416	1134.408	-0.883
0.294	49.370	25.187	3.563	2.408	1130.753	-0.883
0.296	49.370	25.206	3.571	2.408	1130.753	-0.885
0.298	49.364	25.181	3.579	2.416	1128.316	-0.881
0.299	49.364	25.199	3.596	2.416	1129.534	-0.881
0.301	49.358	25.187	3.604	2.416	1124.660	-0.881
0.302	49.364	25.193	3.612	2.425	1127.097	-0.883
0.304	49.352	25.193	3.637	2.408	1119.786	-0.883
0.305	49.352	25.199	3.645	2.416	1122.223	-0.884
0.307	49.358	25.199	3.653	2.400	1129.534	-0.883
0.308	49.352	25.187	3.694	2.408	1131.971	-0.883
0.310	49.346	25.193	3.702	2.408	1136.845	-0.884
0.312	49.346	25.187	3.702	2.433	1141.719	-0.885
0.313	49.340	25.199	3.727	2.408	1139.282	-0.883
0.315	49.333	25.181	3.743	2.416	1139.282	-0.883
0.316	49.340	25.212	3.751	2.425	1140.501	-0.880
0.318	49.333	25.181	3.751	2.408	1134.408	-0.885
0.319	49.333	25.199	3.792	2.416	1131.971	-0.885
0.321	47.391	25.175	3.784	2.408	1124.660	-0.889
0.322	2.441	25.199	3.719	2.408	1128.316	-0.884
0.324	-0.061	25.187	3.579	2.408	1129.534	-0.883
0.325	-0.201	25.212	3.440	2.416	1123.442	-0.885
0.327	-0.225	25.199	3.326	2.416	1122.223	-0.886
0.329	-0.237	25.218	3.211	2.408	1122.223	-0.884
0.330	-0.237	25.199	3.121	2.416	1125.879	-0.885
0.332	-0.231	25.187	3.014	2.416	1124.660	-0.885
0.333	-0.237	25.193	2.924	2.408	1129.534	-0.884
0.335	-0.225	25.169	2.842	2.400	1134.408	-0.884
0.336	-0.237	25.193	2.769	2.416	1140.501	-0.885
0.338	-0.231	25.212	2.703	2.416	1141.719	-0.884
0.339	-0.231	25.224	2.621	2.408	1141.719	-0.884
0.341	-0.219	25.193	2.547	2.416	1139.282	-0.884
0.343	-0.225	25.212	2.506	2.416	1138.064	-0.884
0.344	-0.225	25.181	2.449	2.416	1135.627	-0.883
0.346	-0.225	25.230	2.384	2.416	1133.190	-0.881
0.347	-0.225	25.206	2.334	2.425	1131.971	-0.883
0.349	-0.225	25.224	2.277	2.416	1129.534	-0.884
0.350	-0.219	25.199	2.220	2.425	1128.316	-0.885
0.352	-0.213	25.206	2.171	2.416	1127.097	-0.884
0.353	-0.213	25.199	2.121	2.416	1125.879	-0.883
0.355	-0.219	25.199	2.089	2.408	1117.350	-0.883
0.356	-0.219	25.199	2.040	2.416	1122.223	-0.884
0.358	-0.219	25.212	1.999	2.416	1127.097	-0.885
0.360	-0.207	25.212	1.982	2.416	1131.971	-0.884
0.361	-0.207	25.193	1.925	2.416	1136.845	-0.884
0.363	-0.207	25.212	1.892	2.400	1141.719	-0.884
0.364	-0.207	25.175	1.859	2.408	1140.501	-0.884
0.366	-0.201	25.212	1.835	2.408	1139.282	-0.883
0.367	-0.207	25.181	1.810	2.408	1136.845	-0.884
0.369	-0.213	25.199	1.777	2.416	1138.064	-0.884
0.370	-0.195	25.175	1.745	2.408	1133.190	-0.884
0.372	-0.201	25.187	1.720	2.408	1133.190	-0.883
0.374	-0.207	25.175	1.712	2.408	1129.534	-0.884
0.375	-0.201	25.206	1.671	2.416	1128.316	-0.883
0.377	-0.201	25.193	1.646	2.425	1125.879	-0.883
0.378	-0.201	25.187	1.622	2.416	1125.879	-0.884
0.380	-0.189	25.193	1.605	2.416	1122.223	-0.883
0.381	-0.195	25.181	1.589	2.416	1127.097	-0.881
0.383	-0.195	25.187	1.556	2.425	1122.223	-0.883
0.384	-0.201	25.163	1.540	2.400	1128.316	-0.883
0.386	-0.195	25.193	1.524	2.425	1130.753	-0.880
0.387	-0.195	25.163	1.515	2.416	1138.064	-0.881
0.389	-0.195	25.199	1.491	2.425	1142.938	-0.881
0.391	-0.189	25.175	1.474	2.416	1141.719	-0.881
0.392	-0.195	25.193	1.474	2.416	1138.064	-0.881
0.394	-0.189	25.169	1.458	2.416	1136.845	-0.883
0.395	-0.189	25.187	1.433	2.416	1135.627	-0.880
0.397	-0.183	25.181	1.409	2.425	1134.408	-0.883
0.398	-0.183	25.193	1.401	2.408	1133.190	-0.881
0.400	-0.183	25.175	1.401	2.416	1130.753	-0.881
0.401	7.592	25.199	1.368	2.416	1125.879	-0.885
0.403	47.172	25.187	1.433	2.425	1125.879	-0.881
0.405	49.327	25.169	1.532	2.425	1122.223	-0.883
0.406	49.461	25.181	1.638	2.408	1124.660	-0.881
0.408	49.486	25.157	1.728	2.416	1122.223	-0.881
0.409	49.498	25.175	1.802	2.408	1123.442	-0.883
0.411	49.486	25.175	1.884	2.408	1129.534	-0.884
0.412	49.492	25.187	1.949	2.408	1134.408	-0.883
0.414	49.492	25.163	2.015	2.408	1140.501	-0.883
0.415	49.486	25.199	2.097	2.408	1141.719	-0.883
0.417	49.492	25.175	2.154	2.416	1139.282	-0.881
0.418	49.486	25.199	2.203	2.408	1138.064	-0.883
0.420	49.486	25.175	2.261	2.416	1136.845	-0.884
0.422	49.486	25.181	2.310	2.425	1135.627	-0.883
0.423	49.480	25.169	2.351	2.408	1134.408	-0.883
0.425	49.480	25.199	2.400	2.416	1130.753	-0.881
0.426	49.473	25.181	2.433	2.416	1128.316	-0.883
0.428	49.473	25.175	2.490	2.416	1128.316	-0.881
0.429	49.473	25.181	2.539	2.416	1125.879	-0.884
0.431	49.473	25.169	2.572	2.416	1124.660	-0.883
0.432	49.473	25.187	2.621	2.408	1122.223	-0.883
0.434	49.467	25.169	2.654	2.416	1122.223	-0.881
0.436	49.461	25.193	2.695	2.416	1124.660	-0.884
0.437	49.473	25.163	2.728	2.416	1129.534	-0.881
0.439	49.461	25.181	2.760	2.416	1135.627	-0.883
0.440	49.467	25.157	2.785	2.416	1144.156	-0.880
0.442	49.455	25.175	2.818	2.416	1141.719	-0.884
0.443	49.461	25.163	2.859	2.416	1141.719	-0.883
0.445	49.449	25.187	2.875	2.408	1136.845	-0.881
0.446	49.449	25.169	2.916	2.408	1135.627	-0.881
0.448	49.449	25.163	2.924	2.408	1136.845	-0.883
0.449	49.443	25.151	2.973	2.416	1133.190	-0.881
0.451	49.443	25.169	2.998	2.425	1133.190	-0.884
0.453	49.455	25.169	3.014	2.416	1129.534	-0.881
0.454	49.443	25.151	3.063	2.416	1129.534	-0.883
0.456	49.437	25.175	3.080	2.416	1125.879	-0.881
0.457	49.431	25.151	3.088	2.416	1124.660	-0.884
0.459	49.437	25.169	3.096	2.408	1119.786	-0.883
0.460	49.437	25.139	3.137	2.408	1122.223	-0.884
0.462	49.425	25.175	3.170	2.416	1127.097	-0.883
0.463	49.419	25.151	3.186	2.416	1131.971	-0.883
0.465	49.413	25.157	3.203	2.416	1140.501	-0.884
0.467	49.400	25.151	3.219	2.416	1141.719	-0.885
0.468	49.413	25.157	3.252	2.425	1140.501	-0.884
0.470	49.400	25.139	3.260	2.416	1138.064	-0.884
0.471	49.400	25.157	3.293	2.425	1135.627	-0.884
0.473	49.413	25.151	3.293	2.416	1135.627	-0.883
0.474	49.407	25.132	3.334	2.416	1134.408	-0.885
0.476	49.400	25.151	3.350	2.416	1129.534	-0.884
0.477	49.400	25.126	3.358	2.425	1129.534	-0.884
0.479	49.394	25.157	3.391	2.416	1129.534	-0.883
0.480	49.388	25.120	3.399	2.408	1125.879	-0.884
0.482	49.388	25.132	3.416	2.408	1124.660	-0.883
0.484	49.382	25.108	3.448	2.408	1123.442	-0.885
0.485	49.388	25.139	3.465	2.416	1125.879	-0.885
0.487	49.382	25.126	3.481	2.425	1125.879	-0.885
0.488	49.382	25.139	3.498	2.416	1131.971	-0.883
0.490	49.382	25.120	3.506	2.425	1135.627	-0.883
0.491	49.382	25.139	3.522	2.416	1140.501	-0.884
0.493	49.370	25.120	3.538	2.425	1144.156	-0.883
0.494	49.370	25.114	3.563	2.416	1141.719	-0.884
0.496	49.358	25.120	3.571	2.425	1140.501	-0.883
0.498	49.370	25.096	3.588	2.408	1136.845	-0.884
0.499	49.364	25.108	3.588	2.416	1135.627	-0.884
0.501	49.364	25.090	3.604	2.416	1133.190	-0.884
0.502	49.370	25.108	3.620	2.416	1133.190	-0.883
0.504	49.352	25.096	3.637	2.408	1129.534	-0.883
0.505	49.352	25.114	3.645	2.416	1129.534	-0.884
0.507	49.346	25.096	3.661	2.400	1127.097	-0.883
0.508	49.340	25.102	3.686	2.408	1125.879	-0.885
0.510	49.352	25.078	3.702	2.425	1119.786	-0.885
0.511	49.346	25.096	3.702	2.416	1119.786	-0.884
0.513	49.333	25.078	3.727	2.416	1125.879	-0.884
0.515	49.340	25.102	3.727	2.408	1129.534	-0.887
0.516	49.340	25.090	3.768	2.416	1138.064	-0.884
0.518	49.333	25.090	3.768	2.408	1142.938	-0.886
0.519	49.327	25.084	3.768	2.416	1140.501	-0.885
0.521	49.327	25.053	3.784	2.416	1140.501	-0.884
0.522	12.895	25.096	3.776	2.425	1131.971	-0.890
0.524	0.463	25.066	3.645	2.416	1134.408	-0.886
0.525	-0.177	25.090	3.514	2.408	1131.971	-0.886
0.527	-0.225	25.066	3.407	2.408	1131.971	-0.885
0.529	-0.231	25.084	3.276	2.425	1130.753	-0.884
0.530	-0.237	25.053	3.178	2.408	1127.097	-0.885
0.532	-0.225	25.066	3.072	2.416	1128.316	-0.885
0.533	-0.231	25.053	2.973	2.433	1125.879	-0.886
0.535	-0.225	25.053	2.883	2.416	1122.223	-0.886
0.536	-0.225	25.035	2.818	2.416	1122.223	-0.884
0.538	-0.231	25.066	2.736	2.408	1124.660	-0.886
0.539	-0.231	25.053	2.654	2.416	1129.534	-0.884
0.541	-0.225	25.059	2.572	2.416	1133.190	-0.883
0.542	-0.231	25.066	2.531	2.408	1136.845	-0.883
0.544	-0.219	25.035	2.457	2.416	1142.938	-0.885
0.546	-0.225	25.059	2.384	2.408	1141.719	-0.884
0.547	-0.231	25.029	2.351	2.408	1139.282	-0.883
0.549	-0.219	25.041	2.302	2.416	1139.282	-0.884
0.550	-0.219	25.017	2.253	2.400	1136.845	-0.884
0.552	-0.213	25.041	2.212	2.416	1134.408	-0.884
0.553	-0.213	25.023	2.146	2.416	1131.971	-0.886
0.555	-0.219	25.017	2.113	2.425	1130.753	-0.884
0.556	-0.213	25.011	2.064	2.416	1129.534	-0.884
0.558	-0.219	25.005	2.040	2.416	1127.097	-0.884
0.560	-0.213	25.005	1.990	2.416	1125.879	-0.884
0.561	-0.207	25.017	1.949	2.408	1124.660	-0.884
0.563	-0.207	25.023	1.917	2.408	1122.223	-0.884
0.564	-0.195	25.005	1.884	2.425	1123.442	-0.884
0.566	-0.207	25.011	1.868	2.416	1128.316	-0.884
0.567	-0.207	24.986	1.827	2.416	1135.627	-0.885
0.569	-0.207	25.011	1.794	2.416	1139.282	-0.885
0.570	-0.207	24.980	1.786	2.416	1141.719	-0.885
0.572	-0.201	25.005	1.736	2.408	1141.719	-0.885
0.573	-0.201	24.986	1.712	2.408	1139.282	-0.886
0.575	-0.201	24.980	1.696	2.416	1141.719	-0.883
0.577	-0.201	24.968	1.671	2.416	1134.408	-0.885
0.578	-0.201	24.956	1.646	2.416	1133.190	-0.885
0.580	-0.201	24.962	1.605	2.425	1130.753	-0.884
0.581	-0.201	24.962	1.589	2.416	1131.971	-0.885
0.583	-0.201	24.956	1.589	2.408	1128.316	-0.886
0.584	-0.201	24.932	1.556	2.425	1125.879	-0.885
0.586	-0.189	24.968	1.532	2.425	1124.660	-0.884
0.587	-0.189	24.932	1.524	2.416	1122.223	-0.885
0.589	-0.195	24.962	1.515	2.425	1124.660	-0.884
0.591	-0.195	24.932	1.483	2.416	1125.879	-0.885
0.592	-0.189	24.968	1.474	2.408	1130.753	-0.884
0.594	-0.195	24.938	1.458	2.416	1135.627	-0.884
0.595	-0.177	24.932	1.442	2.408	1140.501	-0.885
0.597	-0.189	24.938	1.425	2.425	1142.938	-0.884
0.598	-0.189	24.925	1.417	2.425	1141.719	-0.884
0.600	-0.183	24.932	1.409	2.416	1136.845	-0.884
0.601	-0.183	24.932	1.376	2.416	1138.064	-0.885
0.603	38.642	24.925	1.401	2.425	1141.719	-0.880
0.604	48.859	24.925	1.507	2.416	1136.845	-0.881
0.606	49.407	24.925	1.605	2.416	1133.190	-0.883
0.608	49.467	24.889	1.687	2.425	1131.971	-0.884
0.609	49.486	24.913	1.769	2.425	1128.316	-0.885
0.611	49.492	24.889	1.859	2.408	1127.097	-0.885
0.612	49.486	24.907	1.925	2.425	1127.097	-0.883
0.614	49.486	24.895	1.999	2.416	1119.786	-0.883
0.615	49.486	24.901	2.064	2.425	1122.223	-0.884
0.617	49.480	24.901	2.121	2.425	1127.097	-0.885
0.618	49.480	24.895	2.179	2.416	1131.971	-0.884
0.620	49.480	24.895	2.228	2.416	1136.845	-0.883
0.622	49.480	24.859	2.269	2.425	1141.719	-0.885
0.623	49.486	24.895	2.334	2.425	1142.938	-0.885
0.625	49.480	24.865	2.367	2.425	1141.719	-0.884
0.626	49.480	24.877	2.425	2.425	1138.064	-0.884
0.628	49.480	24.840	2.474	2.416	1138.064	-0.884
0.629	49.473	24.846	2.523	2.416	1135.627	-0.885
0.631	49.473	24.840	2.564	2.425	1130.753	-0.884
0.632	49.473	24.828	2.613	2.416	1130.753	-0.884
0.634	49.467	24.846	2.654	2.425	1129.534	-0.885
0.635	49.461	24.828	2.687	2.425	1125.879	-0.885
0.637	49.461	24.840	2.719	2.416	1125.879	-0.884
0.639	49.461	24.810	2.752	2.416	1123.442	-0.883
0.640	49.455	24.828	2.785	2.408	1128.316	-0.883
0.642	49.455	24.798	2.793	2.416	1124.660	-0.885
0.643	49.443	24.834	2.834	2.400	1128.316	-0.883
0.645	49.455	24.798	2.883	2.425	1133.190	-0.884
0.646	49.455	24.822	2.900	2.425	1139.282	-0.885
0.648	49.455	24.798	2.924	2.416	1144.156	-0.884
0.649	49.449	24.822	2.957	2.425	1141.719	-0.884
0.651	49.437	24.810	2.981	2.425	1139.282	-0.883
0.653	49.437	24.792	3.022	2.425	1139.282	-0.883
0.654	49.437	24.810	3.047	2.425	1136.845	-0.884
0.656	49.425	24.761	3.072	2.416	1133.190	-0.884
0.657	49.437	24.792	3.104	2.425	1133.190	-0.885
0.659	49.425	24.749	3.113	2.433	1131.971	-0.881
0.660	49.437	24.785	3.145	2.425	1130.753	-0.883
0.662	49.431	24.749	3.170	2.416	1127.097	-0.883
0.663	49.425	24.749	3.178	2.416	1125.879	-0.884
0.665	49.431	24.737	3.194	2.416	1124.660	-0.884
0.666	49.425	24.712	3.211	2.425	1121.005	-0.883
0.668	49.388	24.731	3.244	2.416	1123.442	-0.883
0.670	49.394	24.700	3.276	2.425	1129.534	-0.884
0.671	49.407	24.725	3.301	2.433	1134.408	-0.884
0.673	49.413	24.700	3.309	2.433	1140.501	-0.884
0.674	49.407	24.712	3.342	2.425	1142.938	-0.884
0.676	49.407	24.670	3.375	2.425	1140.501	-0.884
0.677	49.400	24.706	3.366	2.425	1138.064	-0.884
0.679	49.394	24.682	3.399	2.433	1136.845	-0.884
0.680	49.388	24.664	3.407	2.433	1134.408	-0.884
0.682	49.382	24.652	3.424	2.416	1131.971	-0.886
0.684	49.382	24.609	3.440	2.433	1130.753	-0.886
0.685	49.382	24.615	3.457	2.433	1130.753	-0.885
0.687	49.388	24.566	3.473	2.433	1127.097	-0.884
0.688	49.382	24.664	3.489	2.433	1125.879	-0.885
0.690	49.388	24.700	3.498	2.425	1124.660	-0.883
0.691	49.376	24.688	3.522	2.425	1122.223	-0.884
0.693	49.376	24.773	3.555	2.433	1123.442	-0.885
0.694	49.370	24.852	3.563	2.433	1127.097	-0.885
0.696	49.370	24.925	3.563	2.433	1133.190	-0.885
0.697	49.370	24.968	3.588	2.425	1135.627	-0.884
0.699	49.364	25.017	3.604	2.433	1141.719	-0.883
0.701	49.364	25.090	3.620	2.433	1142.938	-0.884
0.702	49.364	25.151	3.637	2.425	1141.719	-0.884
0.704	49.358	25.193	3.629	2.441	1139.282	-0.885
0.705	49.352	25.248	3.661	2.433	1138.064	-0.884
0.707	49.346	25.297	3.670	2.416	1135.627	-0.885
0.708	49.352	25.339	3.686	2.433	1133.190	-0.884
0.710	49.346	25.382	3.694	2.416	1131.971	-0.886
0.711	49.346	25.419	3.710	2.425	1130.753	-0.884
0.713	49.333	25.455	3.727	2.433	1128.316	-0.884
0.715	49.333	25.486	3.743	2.433	1127.097	-0.884
0.716	49.333	25.504	3.760	2.425	1125.879	-0.885
0.718	49.333	25.546	3.776	2.425	1121.005	-0.885
0.719	49.327	25.565	3.776	2.433	1122.223	-0.885
0.721	49.321	25.595	3.801	2.425	1127.097	-0.884
0.722	49.199	25.613	3.809	2.425	1130.753	-0.885
0.724	3.081	25.638	3.743	2.416	1136.845	-0.886
0.725	-0.030	25.650	3.588	2.433	1145.375	-0.883
0.727	-0.201	25.662	3.448	2.425	1140.501	-0.884
0.728	-0.225	25.644	3.334	2.433	1140.501	-0.885
0.730	-0.231	25.626	3.227	2.433	1135.627	-0.887
0.732	-0.225	25.601	3.129	2.433	1135.627	-0.884
0.733	-0.237	25.565	3.039	2.441	1134.408	-0.886
0.735	-0.237	25.577	2.957	2.416	1131.971	-0.886
0.736	-0.231	25.540	2.875	2.433	1129.534	-0.885
0.738	-0.231	25.559	2.793	2.425	1128.316	-0.885
0.739	-0.231	25.510	2.719	2.425	1125.879	-0.885
0.741	-0.225	25.534	2.646	2.416	1124.660	-0.885
0.742	-0.231	25.510	2.580	2.433	1122.223	-0.886
0.744	-0.225	25.510	2.506	2.416	1129.534	-0.885
0.746	-0.225	25.486	2.441	2.425	1122.223	-0.886
0.747	-0.219	25.492	2.384	2.425	1128.316	-0.885
0.749	-0.213	25.486	2.343	2.416	1134.408	-0.886
0.750	-0.225	25.461	2.285	2.425	1138.064	-0.885
0.752	-0.219	25.467	2.244	2.433	1142.938	-0.885
0.753	-0.213	25.431	2.187	2.416	1141.719	-0.885
0.755	-0.219	25.437	2.138	2.425	1139.282	-0.885
0.756	-0.213	25.406	2.097	2.425	1140.501	-0.885
0.758	-0.213	25.431	2.064	2.433	1135.627	-0.886
0.759	-0.213	25.394	2.023	2.425	1134.408	-0.886
0.761	-0.213	25.406	1.990	2.425	1134.408	-0.886
0.763	-0.213	25.376	1.958	2.416	1131.971	-0.885
0.764	-0.207	25.388	1.908	2.433	1129.534	-0.884
0.766	-0.213	25.370	1.884	2.433	1125.879	-0.885
0.767	-0.207	25.376	1.859	2.416	1125.879	-0.885
0.769	-0.207	25.364	1.827	2.425	1122.223	-0.885
0.770	-0.207	25.333	1.802	2.425	1122.223	-0.885
0.772	-0.207	25.346	1.777	2.416	1124.660	-0.884
0.773	-0.201	25.309	1.736	2.425	1129.534	-0.885
0.775	-0.207	25.333	1.712	2.433	1135.627	-0.885
0.777	-0.201	25.303	1.696	2.416	1139.282	-0.887
0.778	-0.207	25.309	1.679	2.425	1141.719	-0.885
0.780	-0.201	25.279	1.638	2.425	1140.501	-0.885
0.781	-0.201	25.279	1.630	2.425	1140.501	-0.884
0.783	-0.189	25.273	1.605	2.425	1135.627	-0.887
0.784	-0.189	25.248	1.581	2.416	1135.627	-0.885
0.786	-0.195	25.254	1.564	2.433	1133.190	-0.885
0.787	-0.201	25.242	1.532	2.425	1130.753	-0.886
0.789	-0.195	25.236	1.524	2.416	1129.534	-0.886
0.790	-0.201	25.206	1.507	2.425	1128.316	-0.886
0.792	-0.201	25.199	1.499	2.425	1127.097	-0.886
0.794	-0.189	25.181	1.474	2.425	1124.660	-0.885
0.795	-0.189	25.193	1.474	2.416	1122.223	-0.883
0.797	-0.189	25.181	1.466	2.425	1122.223	-0.885
0.798	-0.189	25.175	1.433	2.425	1124.660	-0.885
0.800	-0.189	25.163	1.409	2.416	1131.971	-0.884
0.801	-0.189	25.175	1.409	2.425	1136.845	-0.885
0.803	1.845	25.181	1.392	2.425	1149.030	-0.878
0.804	46.630	25.157	1.458	2.416	1142.938	-0.884
0.806	49.303	25.151	1.556	2.408	1139.282	-0.885
0.808	49.443	25.114	1.663	2.425	1140.501	-0.884
0.809	49.480	25.139	1.745	2.416	1136.845	-0.884
0.811	49.492	25.102	1.827	2.425	1136.845	-0.883
0.812	49.492	25.114	1.908	2.425	1133.190	-0.884
0.814	49.486	25.096	1.982	2.425	1131.971	-0.885
0.815	49.486	25.096	2.031	2.425	1130.753	-0.883
0.817	49.473	25.084	2.097	2.425	1129.534	-0.885
0.818	49.486	25.072	2.162	2.425	1127.097	-0.885
0.820	49.486	25.078	2.228	2.433	1124.660	-0.884
0.821	49.486	25.041	2.269	2.433	1121.005	-0.883
0.823	49.480	25.059	2.334	2.425	1122.223	-0.883
0.825	49.473	25.029	2.359	2.408	1127.097	-0.884
0.826	49.473	25.059	2.408	2.425	1131.971	-0.884
0.828	49.473	25.029	2.457	2.425	1138.064	-0.884
0.829	49.473	25.053	2.506	2.416	1142.938	-0.883
0.831	49.473	25.023	2.556	2.425	1140.501	-0.884
0.832	49.473	25.041	2.580	2.416	1139.282	-0.883
0.834	49.467	25.017	2.629	2.433	1135.627	-0.884
0.835	49.461	25.041	2.670	2.425	1136.845	-0.884
0.837	49.467	25.029	2.711	2.425	1134.408	-0.884
0.839	49.473	25.005	2.736	2.425	1130.753	-0.884
0.840	49.455	25.023	2.777	2.425	1130.753	-0.884
0.842	49.455	25.017	2.801	2.433	1128.316	-0.883
0.843	49.455	25.035	2.842	2.425	1128.316	-0.884
0.845	49.443	24.992	2.867	2.416	1125.879	-0.884
0.846	49.455	25.017	2.891	2.425	1123.442	-0.884
0.848	49.449	24.986	2.932	2.433	1129.534	-0.883
0.849	49.437	25.017	2.965	2.433	1124.660	-0.885
0.851	49.443	24.992	2.981	2.425	1128.316	-0.883
0.852	49.449	24.986	2.998	2.425	1134.408	-0.883
0.854	49.449	24.980	3.031	2.425	1139.282	-0.881
0.856	49.437	24.974	3.047	2.425	1144.156	-0.883
0.857	49.431	24.980	3.088	2.425	1141.719	-0.881
0.859	49.437	24.950	3.104	2.425	1140.501	-0.885
0.860	49.431	24.974	3.137	2.433	1139.282	-0.884
0.862	49.425	24.956	3.162	2.425	1136.845	-0.883
0.863	49.425	24.974	3.178	2.425	1135.627	-0.883
0.865	49.419	24.938	3.186	2.425	1133.190	-0.884
0.866	49.419	24.962	3.219	2.425	1129.534	-0.885
0.868	49.407	24.938	3.244	2.433	1129.534	-0.883
0.870	49.382	24.950	3.252	2.425	1127.097	-0.884
0.871	49.407	24.938	3.293	2.416	1125.879	-0.883
0.873	49.407	24.968	3.317	2.433	1122.223	-0.885
0.874	49.407	24.956	3.342	2.416	1123.442	-0.881
0.876	49.400	24.962	3.342	2.433	1124.660	-0.884
0.877	49.400	24.962	3.383	2.425	1129.534	-0.883
0.879	49.400	24.968	3.391	2.425	1134.408	-0.884
0.880	49.400	24.974	3.407	2.433	1140.501	-0.884
0.882	49.388	24.956	3.440	2.433	1142.938	-0.884
0.883	49.388	24.968	3.440	2.433	1140.501	-0.885
0.885	49.382	24.938	3.473	2.433	1139.282	-0.885
0.887	49.382	24.956	3.465	2.433	1134.408	-0.885
0.888	49.382	24.925	3.489	2.433	1134.408	-0.885
0.890	49.388	24.968	3.514	2.425	1134.408	-0.885
0.891	49.382	24.938	3.530	2.441	1131.971	-0.885
0.893	49.382	24.962	3.547	2.425	1129.534	-0.884
0.894	49.376	24.944	3.555	2.433	1129.534	-0.885
0.896	49.370	24.950	3.579	2.441	1124.660	-0.885
0.897	49.370	24.956	3.588	2.433	1123.442	-0.886
0.899	49.364	24.944	3.612	2.433	1123.442	-0.884
0.901	49.358	24.956	3.620	2.433	1122.223	-0.884
0.902	49.364	24.919	3.645	2.425	1125.879	-0.883
0.904	49.352	24.962	3.653	2.433	1131.971	-0.883
0.905	49.358	24.950	3.670	2.425	1135.627	-0.883
0.907	49.352	24.974	3.670	2.441	1140.501	-0.884
0.908	49.352	24.944	3.694	2.425	1141.719	-0.884
0.910	49.352	24.974	3.702	2.441	1141.719	-0.884
0.911	49.346	24.950	3.719	2.441	1139.282	-0.884
0.913	49.346	24.962	3.735	2.441	1136.845	-0.884
0.914	49.340	24.950	3.727	2.441	1135.627	-0.885
0.916	49.340	24.968	3.768	2.433	1133.190	-0.884
0.918	49.333	24.962	3.760	2.433	1130.753	-0.885
0.919	49.327	24.944	3.776	2.433	1130.753	-0.885
0.921	49.333	24.968	3.801	2.433	1127.097	-0.884
0.922	49.315	24.932	3.801	2.433	1125.879	-0.884
0.924	16.116	24.980	3.809	2.441	1121.005	-0.887
0.925	0.633	24.950	3.661	2.449	1122.223	-0.885
0.927	-0.164	24.974	3.538	2.441	1121.005	-0.886
0.928	-0.219	24.925	3.424	2.441	1125.879	-0.885
0.930	-0.231	24.974	3.301	2.433	1134.408	-0.885
0.932	-0.244	24.938	3.178	2.441	1138.064	-0.884
0.933	-0.237	24.962	3.096	2.433	1142.938	-0.886
0.935	-0.231	24.944	3.014	2.449	1140.501	-0.885
0.936	-0.231	24.992	2.908	2.433	1140.501	-0.885
0.938	-0.231	24.974	2.834	2.441	1133.190	-0.889
0.939	-0.237	24.986	2.752	2.441	1134.408	-0.885
0.941	-0.231	24.980	2.687	2.425	1135.627	-0.885
0.942	-0.225	24.980	2.621	2.433	1131.971	-0.884
0.944	-0.231	24.992	2.564	2.433	1130.753	-0.885
0.945	-0.231	24.956	2.498	2.441	1129.534	-0.885
0.947	-0.219	24.986	2.441	2.433	1127.097	-0.885
0.949	-0.219	24.956	2.375	2.449	1125.879	-0.885
0.950	-0.213	24.992	2.310	2.441	1124.660	-0.885
0.952	-0.219	24.968	2.261	2.449	1128.316	-0.885
0.953	-0.219	24.999	2.220	2.449	1123.442	-0.884
0.955	-0.219	24.968	2.171	2.433	1129.534	-0.885
0.956	-0.219	24.999	2.130	2.441	1133.190	-0.885
0.958	-0.219	24.968	2.089	2.433	1140.501	-0.885
0.959	-0.219	24.980	2.040	2.449	1141.719	-0.886
0.961	-0.219	24.980	2.007	2.441	1141.719	-0.886
0.963	-0.207	24.974	1.974	2.433	1139.282	-0.885
0.964	-0.219	24.986	1.925	2.433	1138.064	-0.886
0.966	-0.213	24.980	1.900	2.433	1135.627	-0.885
0.967	-0.219	24.999	1.859	2.441	1135.627	-0.884
0.969	-0.213	24.986	1.835	2.441	1131.971	-0.885
0.970	-0.201	25.017	1.810	2.441	1130.753	-0.884
0.972	-0.201	24.986	1.786	2.449	1129.534	-0.884
0.973	-0.213	25.011	1.761	2.441	1127.097	-0.885
0.975	-0.207	24.980	1.745	2.441	1125.879	-0.885
0.976	-0.213	25.017	1.696	2.433	1121.005	-0.885
0.978	-0.207	24.986	1.671	2.433	1121.005	-0.884
0.980	-0.207	25.035	1.663	2.441	1123.442	-0.886
0.981	-0.201	25.017	1.638	2.449	1130.753	-0.886
0.983	-0.207	25.023	1.614	2.441	1134.408	-0.886
0.984	-0.201	25.011	1.597	2.433	1140.501	-0.886
0.986	-0.195	25.023	1.589	2.441	1141.719	-0.886
0.987	-0.195	25.017	1.573	2.441	1139.282	-0.886
0.989	-0.195	25.029	1.532	2.441	1136.845	-0.885
0.990	-0.189	25.047	1.524	2.449	1135.627	-0.886
0.992	-0.195	25.017	1.499	2.433	1134.408	-0.885
0.994	-0.195	25.035	1.499	2.449	1130.753	-0.886
0.995	-0.201	25.011	1.474	2.441	1130.753	-0.885
0.997	-0.189	25.041	1.458	2.449	1129.534	-0.885
0.998	-0.189	25.011	1.450	2.449	1128.316	-0.885
1.000	-0.189	25.041	1.433	2.441	1125.879	-0.884
1.001	-0.189	25.017	1.401	2.433	1124.660	-0.884
1.003	-0.183	25.072	1.401	2.433	1123.442	-0.885
1.004	36.079	25.029	1.409	2.441	1128.316	-0.880
1.006	48.725	25.059	1.507	2.433	1125.879	-0.885
1.007	49.382	25.059	1.614	2.441	1133.190	-0.884
1.009	49.473	25.066	1.712	2.433	1135.627	-0.881
1.011	49.480	25.072	1.777	2.441	1141.719	-0.884
1.012	49.492	25.072	1.859	2.441	1141.719	-0.884
1.014	49.492	25.078	1.933	2.441	1140.501	-0.884
1.015	49.486	25.053	1.990	2.441	1138.064	-0.883
1.017	49.480	25.072	2.064	2.441	1135.627	-0.883
1.018	49.492	25.047	2.121	2.449	1136.845	-0.883
1.020	49.480	25.078	2.179	2.449	1134.408	-0.883
1.021	49.473	25.035	2.244	2.441	1130.753	-0.884
1.023	49.473	25.078	2.293	2.449	1129.534	-0.884
1.025	49.473	25.053	2.351	2.449	1128.316	-0.884
1.026	49.473	25.078	2.400	2.433	1127.097	-0.885
1.028	49.480	25.066	2.449	2.441	1125.879	-0.885
1.029	49.467	25.072	2.490	2.449	1121.005	-0.884
1.031	49.467	25.053	2.523	2.449	1122.223	-0.884
1.032	49.467	25.059	2.572	2.449	1128.316	-0.885
1.034	49.455	25.066	2.605	2.433	1131.971	-0.883
1.035	49.461	25.059	2.654	2.433	1138.064	-0.885
1.037	49.455	25.078	2.670	2.441	1144.156	-0.884
1.038	49.455	25.047	2.736	2.449	1141.719	-0.884
1.040	49.455	25.078	2.760	2.441	1139.282	-0.883
1.042	49.455	25.059	2.785	2.441	1134.408	-0.886
1.043	49.455	25.084	2.826	2.449	1136.845	-0.885
1.045	49.455	25.047	2.859	2.441	1131.971	-0.885
1.046	49.449	25.102	2.883	2.449	1131.971	-0.884
1.048	49.449	25.084	2.924	2.449	1130.753	-0.884
1.049	49.443	25.114	2.941	2.441	1128.316	-0.884
1.051	49.443	25.078	2.973	2.449	1127.097	-0.885
1.052	49.449	25.126	3.006	2.449	1124.660	-0.885
1.054	49.449	25.108	3.039	2.449	1123.442	-0.883
1.056	49.443	25.108	3.047	2.441	1127.097	-0.884
1.057	49.437	25.096	3.072	2.449	1124.660	-0.885
1.059	49.431	25.090	3.088	2.457	1129.534	-0.884
1.060	49.431	25.102	3.129	2.441	1134.408	-0.885
